n_samples: 689
n_features: 25
class_balance: {0: 0.502177068214804, 1: 0.49782293178519593}
feature_means: {'X1': 0.005096314053194963, 'X2': -0.0032554612621332893, 'X3': -0.13679732609804715, 'X4': -0.08749553212469237, 'X5': 0.0425121829420553, 'X6': 0.07401530279500813, 'X7': 0.050160334527594996, 'X8': -0.014501273051907612, 'X9': -0.03510332446861734, 'X10': 0.03439514992300871, 'X11': -0.045916577338549855, 'X12': -0.031483717798727134, 'X13': -0.02063496162711365, 'X14': -0.03499802964292102, 'X15': -0.06690424404745135, 'X16': 0.002295096588480051, 'X17': 0.08461531890545006, 'X18': -0.016441201965194146, 'X19': 0.018324459017817284, 'X20': 0.02593257684266142, 'X21': 0.0365653615457437, 'X22': 0.08009239079245495, 'X23': 0.04868198736512067, 'X24': -0.011368965131977271, 'X25': -0.015886715739660717}
feature_stds: {'X1': 1.5711064983792358, 'X2': 1.5277773516466344, 'X3': 1.427384051511641, 'X4': 1.528981261060507, 'X5': 1.4875496457635036, 'X6': 1.461254065771594, 'X7': 1.5455463935487193, 'X8': 1.5512751900819475, 'X9': 1.4907776181644985, 'X10': 1.6188221348841345, 'X11': 1.5626213544848113, 'X12': 1.572413317750417, 'X13': 1.5892697040269248, 'X14': 1.5044371855543306, 'X15': 1.5845350178006312, 'X16': 1.5292728003792218, 'X17': 1.5293150926038106, 'X18': 1.503815490516957, 'X19': 1.5510204787053905, 'X20': 1.5415647031874122, 'X21': 1.5938293450157754, 'X22': 1.6296343060566267, 'X23': 1.6155104073821598, 'X24': 1.553101939983838, 'X25': 1.4935438256536853}
