n_samples: 896
n_features: 40
class_balance: {0: 0.5122767857142857, 1: 0.4877232142857143}
feature_means: {'X1': 0.012835671624003122, 'X2': -0.055226202548764314, 'X3': 0.0666600769846651, 'X4': -0.023465439208083166, 'X5': 0.08301446493001087, 'X6': 0.054724247306861165, 'X7': -0.0020420345589312367, 'X8': 0.015301456305041261, 'X9': -0.07506883987275215, 'X10': 0.01756799441428278, 'X11': -0.09979022895541019, 'X12': 0.09271453833364776, 'X13': -0.02696892060968883, 'X14': -0.049828954030794105, 'X15': 0.009062557912951599, 'X16': 0.007742712697385283, 'X17': 0.00647990717131499, 'X18': 0.012045997814418395, 'X19': -0.03644807950337473, 'X20': 0.06034495239446259, 'X21': -0.03542858752617774, 'X22': -0.055049953146438825, 'X23': -0.005662985439417, 'X24': 0.036404368506804334, 'X25': 0.023639214979783368, 'X26': 0.03056238540436098, 'X27': -0.044629325711017014, 'X28': 0.029278401492257824, 'X29': -0.04518112164778727, 'X30': -0.01604468043306584, 'X31': 0.0015543175425873005, 'X32': -0.008839491113916168, 'X33': -0.00889746667792889, 'X34': 0.011943458011165928, 'X35': -0.06104882152541836, 'X36': 0.07206872054246426, 'X37': 0.09095260593490224, 'X38': -0.019088768536451476, 'X39': -0.09990391437994438, 'X40': 0.08586829846449254}
feature_stds: {'X1': 1.4972228137932664, 'X2': 1.4713211156513757, 'X3': 1.5142294495672786, 'X4': 1.5126402183865917, 'X5': 1.5337535021203748, 'X6': 1.4762424734160333, 'X7': 1.5469636391630008, 'X8': 1.519600445176335, 'X9': 1.4497073847932427, 'X10': 1.5096146921411155, 'X11': 1.5124078959635212, 'X12': 1.4996365099462472, 'X13': 1.4337863103372772, 'X14': 1.4897762597600999, 'X15': 1.5116667946265068, 'X16': 1.5296432409561147, 'X17': 1.4891783963773355, 'X18': 1.4839763313429652, 'X19': 1.5549069701523874, 'X20': 1.4755636738403124, 'X21': 1.4478668078880301, 'X22': 1.4802275417412696, 'X23': 1.4846305763436949, 'X24': 1.5548049862582143, 'X25': 1.5074768385194144, 'X26': 1.5248952352229155, 'X27': 1.4947171424573493, 'X28': 1.5045850568280186, 'X29': 1.5077020368006355, 'X30': 1.5209768505582397, 'X31': 1.498652565864564, 'X32': 1.5839269327090888, 'X33': 1.5930376449174062, 'X34': 1.4693533228553526, 'X35': 1.570577704193482, 'X36': 1.525333450166848, 'X37': 1.5007677124505256, 'X38': 1.468287638671239, 'X39': 1.4572174533766087, 'X40': 1.4756778717866088}
