n_samples: 1000
n_features: 15
class_balance: {0: 0.5, 1: 0.5}
feature_means: {'X1': 0.0030904682356095695, 'X2': 0.0443053672381525, 'X3': -0.0856533836750049, 'X4': -0.014735688070662006, 'X5': 0.032379487447438925, 'X6': 0.032904206384312636, 'X7': 0.015591130659248128, 'X8': -0.09730475057853448, 'X9': -0.03394288848112429, 'X10': 0.08024688398318713, 'X11': 0.03973411418763167, 'X12': 0.05601050013540006, 'X13': 0.03568870170649804, 'X14': -0.10937310616118462, 'X15': -0.002715354505737389}
feature_stds: {'X1': 1.5060533617420455, 'X2': 1.5032280077686837, 'X3': 1.4598332109504641, 'X4': 1.5244736212396643, 'X5': 1.4954286776017605, 'X6': 1.4780783576867267, 'X7': 1.4746239602664866, 'X8': 1.4846615629274678, 'X9': 1.539846027912705, 'X10': 1.4468807670643842, 'X11': 1.5054081137357087, 'X12': 1.4698867851409076, 'X13': 1.521892556734945, 'X14': 1.4986461676802627, 'X15': 1.498788630640517}
