n_samples: 1000
n_features: 15
class_balance: {1: 0.5, 0: 0.5}
feature_means: {'X1': -0.017772853504650243, 'X2': -0.07567782082983941, 'X3': -0.03788560539714303, 'X4': -0.025341573934430428, 'X5': -0.006210672869718774, 'X6': -0.0012704148358973824, 'X7': 0.008512065674244507, 'X8': 0.07185718343766603, 'X9': -0.04937735274994524, 'X10': -0.044740697160116354, 'X11': 0.03915063136932874, 'X12': -0.004678237420288668, 'X13': 0.0568002625371194, 'X14': -0.01633723262451659, 'X15': 0.07479388803985022}
feature_stds: {'X1': 1.5248304822841279, 'X2': 1.4504291300582373, 'X3': 1.4780962646338238, 'X4': 1.535130592464752, 'X5': 1.4757817072526838, 'X6': 1.4583005905809239, 'X7': 1.5229094491950108, 'X8': 1.4818424184691674, 'X9': 1.5131426142682887, 'X10': 1.5500655403355308, 'X11': 1.4654492796445378, 'X12': 1.5199770345585486, 'X13': 1.4743476199940406, 'X14': 1.5109552527475234, 'X15': 1.4734161042632776}
