# Higher-Order Interaction Dataset: Features exhibit strong interactions in groups of 6. Contains 30 features with 1000 samples. The target variable is determined by products of feature groups of size 6.
X1,X2,X3,X4,X5,X6,X7,X8,X9,X10,X11,X12,X13,X14,X15,X16,X17,X18,X19,X20,X21,X22,X23,X24,X25,X26,X27,X28,X29,X30,target
-1.0561584678617901,0.7637664640067325,0.7411098759063707,0.9846775195202164,0.8379399629467761,1.0871455443778142,0.4063163841495906,1.8029409842640567,0.2936505810635498,1.9992638177850637,-0.6263885747157267,-0.6519394259647784,-0.1923825508200384,-0.03747945381375968,-0.3212440209268405,0.5396678779631111,-0.10232061668154041,-0.6071752749513994,-0.39602821906658864,1.2176231750834379,0.31716584448337504,-1.6762768915756583,1.510624419336162,0.43350860971091937,0.6391307908408096,0.9290714344440588,0.9807321119917862,-0.919113591202518,-1.0702147877570758,2.3964011897241684,1
-0.6980777491452362,0.37865347010469713,1.6314649667929073,-0.4435059575480194,-0.36012244033065033,0.9264640866477932,0.2128738722434851,0.49511245476591187,-0.08042657631461005,-0.5263661430490939,-0.33294111110205044,1.1939759140879942,-0.2956187890864324,0.4287236723872409,-0.9688004025877751,2.040279142915153,0.31887481035470516,0.33961206362337015,0.9262787269163879,-0.48089577216855256,1.193748126590254,-1.5163050175558739,-0.614420461823467,-0.8012277491562728,-1.8805978087246749,-0.5286850521422574,-0.051951620848296964,-1.0899185189415799,-1.234323206294148,0.04107518089541687,1
-0.0799915128941307,-0.2657443949983303,-1.2661317442899516,-0.3945369678086855,-0.666274368992819,0.08587853775825284,-0.5588322926698188,-0.03875394587837061,-1.3108176088080015,-1.3968468490645687,0.5575399980066126,0.7653524162878483,-0.3927241298257674,0.027636127707737712,-0.449713195415727,1.0972257331197,-0.2031009672814164,-0.4988756528697456,0.9662988530697841,-0.7740803066888763,0.15661633650659762,-1.0484699893448555,0.664549619941435,0.8154188595444919,-1.2886937983250009,-1.4446417919727086,0.28854170351371594,1.9408189892286567,0.8839710723938131,-0.21233480058561222,0
-0.8543012741425021,-1.2161215595267485,0.7170743586144145,0.9227741186910345,-0.6311593951920663,-0.24672817771028527,0.04695633811470317,1.812846458861496,0.06515315854309438,-0.9809518549220426,-1.1566423039656377,-0.9112242732030087,1.264022009297565,0.5131403990789575,-0.34549365333836113,-2.9252966361978454,-0.8526321383248727,0.34396942710826184,0.35216761450330936,0.34345907350462324,-1.3473047891610266,0.17700139055855463,-0.9759104930559834,0.001891027502196268,-0.7677742829609842,1.0704319366661217,0.33744696399091717,-0.14323268389679422,1.3803776629574278,-0.37249251261851635,1
-1.4150729987137858,1.0558735355976698,0.2522098586818161,-0.3186771813532301,-0.6437452834353349,0.5107835431741702,0.8136350443374999,-0.766714918785875,0.5653402036916597,0.25060610116837373,-0.829419444026139,0.003858430031730181,-0.5466525806934405,1.2403382044116085,-0.6489172727996756,1.5088737961295315,0.13141143066236224,-1.7455130534651084,-2.1731186051478737,-0.20860714369090347,1.3336261871083388,1.230619844438311,0.16631307859358888,-0.7370685692652535,-0.41729874379935644,0.20734994387992625,1.0873064836307926,0.5691997766637382,0.9682845661973221,0.6436746571920401,0
0.9388849069473308,-2.2611995626565666,-0.8925578012051395,-1.1048127879691922,-1.1998567737613346,0.0055701938540271174,-1.4472794097204096,-0.9437662822001638,-0.09870551481434787,-1.60360878797612,-0.48616810241685154,0.6388430227542135,-1.225417512239186,0.7962987612216793,-0.8061736063816238,0.2716492367252905,-1.1062033090646939,0.45335972780472655,-0.303582784050061,0.46619695470557376,-0.5451996786941343,0.5560620236148179,0.8468997213141676,0.11972502865581827,-0.4795417401505855,-0.23369477802422,-1.2642647747830886,0.2029184588077459,0.6229632750710221,1.5662690444957008,1
1.3083105644605288,-0.9773203451167394,0.21210747252608098,-0.13298635025637573,1.217996222557883,-0.7091726605587518,0.8780809711262261,-0.9870323656247848,-0.10598125389648388,-0.8845113209944421,-1.9650407734709907,-0.9044172290822153,-0.2575124006316067,1.4261693063666296,-1.0873517077567594,-0.6057299809433621,-1.4403491149827736,1.1552791033227872,-0.46046207054777666,-0.3383666690087311,-0.34773456389988316,-1.950571107130203,-1.4666056356613824,-0.9517822126146827,0.6160167192144613,-2.4992444597185544,0.5413067324633626,0.34309843706768217,-1.8148896145374132,-0.3169721077529226,0
1.1638604444144443,-1.070521304574119,-0.5519766938887396,2.76105596651758,0.32589787530611,-0.25799395091871935,-0.4770586214451073,0.3730596216917193,0.6849082832221659,-2.1557615121705793,-2.233935558289957,-0.9980471731421626,-0.15384339684666246,0.07556926435867165,-1.7034585536713955,-0.20478365371557272,-0.07183889890236296,-0.8498474100028897,-0.5344903543887887,-0.7265008502350087,0.464300306421891,0.006869524110811417,-1.1422836691252392,0.9550467490248272,-1.3672926298430033,-1.71290867439842,-0.24515071152823573,-0.2502196293462603,0.07278702215853432,-1.1813210090966184,0
0.8930804653164017,1.7147378468810295,-0.02164838211878675,0.3160104106864771,-2.115141006248508,-0.4348899483474398,-0.6959964948979775,-0.8581046923963592,-0.6575008164623214,-0.5577151055765822,-1.4549329649590745,-0.4872679641110265,-1.0416814327045898,0.7883333526441707,0.33032969908424775,0.3317000132972381,0.9767863865918521,-0.8262791287145932,0.2697890239112011,1.0702197852676103,-0.896161055824119,-2.029171254747928,-0.6906925692173903,0.9565208265685484,-0.9530697095745592,-0.46509920314192044,-0.7796950712803001,-0.19035362589337249,-1.0485022927811989,-1.483124255616004,1
-0.4408469042003173,-0.27040878707799165,1.116481354420736,0.06626217489631317,-1.1717150893026802,-0.731681919192513,0.7134928020672574,-0.42381629502492385,-1.093106892435017,0.08232901812536471,-0.7898881729755052,0.4781448255372375,0.3629661434290342,-1.1473802415202463,1.7849685555575063,-0.12294884459282361,-2.663775196538632,0.3805547574483174,-2.5982726516183567,1.039830019808007,0.05706242392172122,-0.14618192342176817,-0.084649761492049,0.501744345453627,-0.5651551445667714,-0.09489155312593307,0.03337316891966324,-2.9659557581441365,0.5093030578808664,0.6781026259677756,0
0.36743060343278616,0.29671707042424206,1.511452172101831,-0.12905389997180203,-0.09463132020224323,-0.7371498934361038,-1.9987379198733741,0.37293814802708775,-0.6291892696051745,-2.009652368442358,-0.16018813911371302,-0.1881402835433118,-0.3151676727745332,0.05066888308115394,-1.6459666066037992,0.907149317665678,0.3485320869999536,1.157770606094284,-0.6396018510840769,0.3451872650738352,-1.95365060399267,-0.918415109449874,-1.4571458261086447,0.17487875880604883,-1.1894356297167576,-0.5223577309720151,-0.08895610394643635,-0.4924486467024807,-1.401155092737511,1.561107295575107,1
0.030394735786060653,1.5701006427519622,-1.116804126084232,-0.46069638212661707,0.0020812749058503185,1.4474909154599351,1.5630329621983847,-0.5190675566211265,-0.8145583466492806,-0.09036479785120491,1.1154019885569977,0.050874000790418525,0.23329587261164272,1.1061278708083708,0.944819198649736,0.9834757526562105,0.622042268748309,1.3520966601375903,-1.2150490210561118,2.2492626663252437,1.0603591657328009,-0.16030834921044507,1.1097147392618905,-0.34744640425292983,0.47482552762204816,0.591974871864409,0.8621516381879861,-0.45967464351212917,0.8833834339091055,-0.44190184399764426,0
0.730973808253535,-0.017878892310776044,-1.8239597849591052,-0.7367593867766137,0.8481225988120321,-0.30365043686252036,1.2135478458075324,-1.213292677988852,0.6961376784108086,-0.04753229503922212,-0.2467852233758738,-1.1783056703943318,0.2100203440786996,-1.0088968501907947,-0.6360609025487026,-0.1406678784110732,-0.3657252743771365,1.0277898181657332,-2.5901532491685173,-0.17837552157611578,-0.3627786047376945,-0.00851101909709665,-0.5442747709407006,1.0238811349771633,-0.2577128316606194,0.13294626845551696,0.8922558115060931,0.05200253785400539,-1.269209525572502,-0.4265843307848105,0
-0.12411711085143869,-1.646562183500052,-0.7118092820599975,-0.06826672047704657,2.012203939736586,0.3711019603293509,0.15773907308438992,1.6906279690062718,0.5878480909293224,0.728894936385296,-0.4068957823311872,-1.2654744928492883,0.26164755049755056,1.8221990712884963,1.5130320377707929,0.6578407990469988,-0.6866045180249896,-1.5506340144902515,-0.8222472822507779,0.21771159951343028,-0.47101117464128744,1.0020556845683783,-1.48918807334508,-0.12875856407503322,-0.7666885532306174,0.9912875604445797,0.5426109726905568,-0.8310055603566285,0.8542097212224434,-1.6227634519854741,1
-1.7864949633589287,-0.885170161799122,-1.9829010453090243,-0.11256339987048995,-0.0807880510644741,-0.4055036914372403,0.5389156935760494,-0.7233917193814029,-1.2976359980148868,-0.7972317639036733,-1.2203760092707168,-0.6117563587976802,0.5960173304445165,-1.7564182304619727,-0.33968901246706706,0.9576182306939518,1.0717104705127767,-0.6820256813698264,2.2132238874193044,-1.0516086183651892,-0.22847014590220502,-1.1702877060741776,0.4330858901654283,2.801220725090388,1.8437410301666197,0.8463937675331519,-0.6074904348900177,-0.16793297871636328,1.116046386201141,0.7495062692410364,0
0.0829173897511967,0.1419124088535019,1.055700820396321,1.3033802721435495,-1.500737881718778,0.22702971978349157,0.5781732293132317,-0.5321562226979468,1.279020726071556,-0.28852073602324757,1.3067900823319631,-0.3683423508834967,0.25937467089296423,0.2372617827636912,1.6626267007909863,0.7409970334294391,-0.4576453008368647,-0.2722546133443472,-0.27616924014010485,0.01849742033915436,-0.9445510888782677,-0.08133156898843943,1.3680747353783769,1.323650064374868,-1.564850637587621,-1.7231952305910865,-0.5931315558395736,-1.7791046780916322,-1.2633875386749556,0.35120891466714127,0
-0.037883028133678845,-1.720938401019003,1.1700329680137205,-0.421960988969643,-0.5182778003541364,1.0165558161967856,0.4108792811712566,-0.042420751825932836,-0.49458798753275884,0.5696207857831017,-0.43281253599443553,-0.2283677397259777,-1.1764957255859607,1.1425603342719686,1.5525957478997554,0.2118932214251581,-0.4861483083810907,0.9354497436204966,0.5886509259362527,-0.44376956305784876,1.1511433720607098,-0.42445685600539396,-1.2861273396193522,-0.06579190814734022,1.0843440303282166,0.10276837014844108,-1.172634678932752,-0.40312440192513305,1.1963150153043356,0.2738245009018152,0
-0.018879732653434417,-0.13041311735725772,1.0798771903631417,1.014667689745749,-1.4011783869301009,0.9399281556396815,0.5164228042166285,1.592985832676025,-0.06913149654494537,1.1352327177895263,0.4689329766780183,-1.113897648345064,1.0205976606308642,0.8094212757396516,-0.6499264153067887,0.28951190656551484,2.1077540908911505,-0.48303886776147453,0.7261685805542936,-1.094879970274581,-0.5703088552444631,0.8105633914334438,0.25668120029016234,-0.20123757670768927,1.7024965610999865,-0.9218125835221107,-0.1459792172553116,0.491772516492752,-0.871507591670486,0.509230232571057,0
1.0746754475278533,-0.11460203908417219,-0.6852594680466909,-0.31244014004105486,-2.6784081102034896,1.0061236640518514,0.2645903320316428,-0.17642631354798868,-1.66679024606911,1.1090393254528488,-0.437596679826203,0.5652432124338672,-0.01139324870834868,-1.6148984184312964,1.2685431048039548,1.078583577994432,0.7640335720719796,0.31484719175183135,-1.1974787525781763,0.8689640850709452,2.2049988441217527,0.11613578022335458,0.1356883049294096,-1.1018391773021816,-2.0703998911808252,-0.35911559596865567,1.4816681687994537,1.3437587136937807,-0.06540827834938145,0.43012929438191017,0
-1.2183617558741413,0.11122625847595215,-0.5244311428991439,0.05467115428988712,-0.27465343970503675,-0.29250613991171753,0.9963989377336664,1.9639227484048254,-0.1694556548263618,1.4186303858860787,-1.2415643024507883,-0.0922386028377438,-1.296193631814332,-0.3123638417792009,0.7156988564968242,1.1186341252836753,-0.7785254611951523,0.4580665206732178,1.2299943476634416,1.0877275977484278,0.25895701931146553,-0.5891842370028068,-0.6888356961209733,-0.8426499864807757,-0.03161145566960335,-0.8231554501795225,0.6780393683837879,0.22833670032781445,0.18301687835934885,-1.8404755456472952,0
0.027779908702159076,-0.45911831265976294,2.1664176241211663,-1.2799475398299638,-0.20542458117716975,0.38309851332668937,-0.9727127882777018,1.9282526867914258,1.9487881445263704,-0.8584176630557493,-0.5918081946381001,2.146812893784272,1.3952707822171775,-0.3693467267847035,0.43143579410919514,-1.3867283606779415,2.1967382670155726,0.07286155214473791,0.5855864025478605,-0.9350459321813624,-1.1360907942987983,0.45109128498241474,1.9162990747701252,-0.5404784396671523,-0.979102968483009,0.30513088022829987,1.6371930343050038,-0.6385888941601899,-0.24989286832315474,0.8371243312160357,0
0.9444154820122694,-0.28444376520989495,1.096646233199907,0.5287683535347963,0.016191128084933004,0.902456418978505,0.764604785778309,-1.0470127423063162,1.4835122474027498,0.34539946599744475,1.375613605590458,0.05179367196298298,0.2476393317451954,0.3988866568074833,0.5468495053827453,1.5281994162778463,0.4664413798479505,-0.02798917578083917,1.0095330667274753,0.43041898306956994,2.955533100876431,0.29141792084519286,1.2376644994660755,0.8820821375336094,-2.04989828123343,-0.7367882789191577,-0.4394244118094667,-1.499651384142807,-0.3952569261456209,-1.3711853979816164,1
-1.1091649370438668,0.24158220958257215,1.9193979971159174,-1.3622102846108828,-1.2154844321946734,-0.532739389725167,-0.1471768288452012,-1.5421336507689107,-0.6990849413566327,-0.7914506506540677,0.3183626909114852,0.4256287137032119,-0.15276106868705863,-0.37776459064152046,-0.7097001746526048,0.05157808201843451,-0.9760857446635408,1.547238004694983,-1.4979017725881936,-0.6563037778504419,0.8682014539825893,-0.3986373138141493,0.6719732217021198,1.7171938426299218,0.8331029352874769,-1.2020251658451284,-1.154228231883905,-0.18740041003551489,0.44304779762049235,1.2061355599973023,0
-0.784986752597108,-0.48490408176003785,-0.2506501071266549,-0.27071572401667543,1.495645205078405,-0.10404700799707245,0.153053160089564,0.9114833024566436,1.5910878837727414,-0.03519588099165745,1.2591913610888714,1.82777077059649,-0.11033970737795651,-0.5636384644669592,2.1870672847682187,1.1210821493512841,0.01249074688406641,0.6499616297085027,-1.044976174752692,1.1094188199272383,-1.8000303928315362,1.0706421398398702,-0.7217108680904613,-1.6538786000320556,-2.001374771086308,-0.4761525795312883,0.7111138257749583,-1.3898918614587392,-1.2355725894423146,-0.49422048151866427,1
0.8075530144855749,0.9325294858465353,0.1398702657020494,0.9833696334909083,0.6876107354110753,-0.4169872957668561,0.9095121105888697,-1.284177486358534,0.4864863982101155,-1.1660143893757533,0.14280053938900147,1.2185677005298081,0.21319817991515186,-0.012577649742340179,0.22603109949750366,0.663309492084395,2.1340020186585695,0.6524406704269764,-0.5025138290322683,-0.20865295302311823,-0.9011266168092057,-1.2392381475108456,-2.4324761624126996,-0.4616020915548006,-1.404437613866566,0.09705332808486404,-0.5094747513872037,-1.0855217533233876,-2.1035053965101365,-0.34933878737862656,1
-1.7523840385658507,0.7061618482851154,0.25489756942832553,-0.22679841055255318,1.450747259655328,0.00982651224218834,0.38608215849825045,0.6874644521900439,-0.5168823517014675,-0.511290776748995,0.04144692013958602,-1.3465250496228147,1.7853138458336548,0.16077814530858084,-0.20094151076524527,2.08552697237257,-1.1014925644982552,1.5361507237389416,0.8132937997809931,1.1170294883627985,-0.17554987460042074,0.05586532144432558,-0.34329331807607655,0.99634220813059,0.39173568964366073,-0.558485160641208,-0.5125583402954741,-0.01481297335856981,-0.3322834429767151,1.441772856258756,0
0.8082150169347329,0.8061119297029596,0.23391719847305223,-0.8265058115593552,0.6961075536701157,-2.098182585294138,0.1740552002440338,-0.8121189327524032,-0.8891168604365428,-0.4633341557691185,-0.08393685566825931,-0.023415622132823954,0.7902381527811213,-0.17388478006508987,-0.10173353533375944,-1.3956127962365588,-1.2653881211962996,0.2870690437124435,0.6306683813991212,-0.2604718751969018,0.932957966149372,-1.407891920909461,0.3985387227970714,-0.8517776058894487,-0.9307501685249376,-0.76491592408481,-0.08076556887905209,0.438896929523789,0.36297920901534775,-0.29048218393752273,0
0.6322673424230683,1.6867413933500095,-0.11941120145103974,0.09479577376104349,-0.6117299783135902,-0.3919585407672948,1.248347265348947,1.2586582184231674,-0.20106747907086636,0.49025166608774173,0.9204572873590808,-0.446517038751057,-1.3059082511945022,0.689308949758022,0.8963876161298779,0.7492788001422659,-0.37414882410938,1.5231108714090031,0.2842647584534597,-1.1475895682470094,-1.5960874594303902,-0.2971942159548199,0.22481153010256139,-0.28794618306571756,1.9935623988394282,0.40398352624473366,-0.9731487362874572,-2.2703417581987244,0.23501404919982627,0.9889540896941548,1
1.8637672086298276,-0.20241174628443354,1.7219991047581589,-1.3589276392183158,-0.34390804598608904,-1.014397454157113,0.792100908750765,-1.3010773798518223,0.4017496245846287,-1.241829371431121,1.7577815530513796,-0.3742560375267909,0.37796584915246,-1.7887726227323555,-1.4948022150871882,-0.7733964705152477,0.8505181277692229,0.6590904861935541,1.085389961099943,-1.5097308231844209,0.5068693732713246,-0.5598974677675107,-0.8081043364823255,-0.5372276641222128,-0.11646779406706512,0.6610444159677312,1.1228053008888783,0.5210721283410551,0.6332707362208657,1.8230495479796065,0
0.6970730916065615,-0.2138348314924301,0.5811047348180731,1.707645904228449,-0.8703606653032362,-0.43093695834333684,1.4501277493492843,-0.2904729174305014,0.764289675174453,1.2890872569979857,-1.2558204789727079,-0.408422610790407,1.204689284039352,-0.1264265990077907,-2.0185924919436133,-0.5099697730421181,0.7944624548454314,1.2764930996057793,0.050845298614804114,0.48378160830999745,-0.36906012620263673,0.9031842135383261,1.4251955572098265,0.768199900254481,-0.11816674651273366,0.4341110652414831,0.9524879011371168,0.02770168787918344,0.8005290161606844,0.3703089775637704,1
1.4193578030127094,0.7001376460626499,-0.4985573968398187,1.404494009881228,0.4600551922438172,-0.13973593879280324,-1.3540036929925754,0.231378929058169,1.834888894409564,-2.7293762500800502,-2.6897131334542244,0.7673393527779184,0.23617230939780226,0.6723837158313631,-0.5263859284424071,-2.1417773352996803,-0.8319850015856797,1.560005301725322,-0.4515892335278247,-0.44292866977959827,-2.6293999934649226,-1.8044799846453667,1.110167163913629,-0.2594280549703663,0.9912018856555244,-0.7536993715630421,-1.4677820379896653,-0.26092358088517403,-0.572953119132798,-0.8330901761159398,0
-0.8070093832842306,-0.1349381026313032,-0.49156862846187366,-0.9322683271622372,1.8047143732832946,0.45795502483189887,0.1584827541152012,-0.06654540203483157,0.6656146664955179,0.5318234333634566,-1.0342791550967787,-1.5322701251274664,-2.274084584053997,1.7919311115446124,-0.445309938552059,0.5920595381683295,0.20206126882228395,0.9125587383282822,-0.06453786311570124,-1.3279690694292416,-1.0371168199996268,-0.3507582210036201,-1.5852700788126293,-0.8543273775917434,-1.198822426863515,-0.3286867669498902,-0.4960321976698295,0.1194817528546022,0.8544673443562326,-0.24261518579317523,1
-1.5024098394124243,-2.0483373778092178,0.16231780947549843,-0.6654995319284293,-0.15736138886388432,0.329541155152203,1.4431770138315412,-1.7475054868925834,-1.012457625452728,-0.08523429395109815,-1.140193585266753,-1.4890559680155546,1.3095773686822225,-1.0479570405110468,-1.3091852211566728,-1.1481494881808638,1.0859937950796388,-0.6953816500488362,-1.3856160542311489,-0.8401619008497354,-0.048170661875511216,0.8917709956062757,0.8077684792261496,-0.7777690059554415,-0.531124126337735,2.1028840709790892,0.9956845304814996,-0.25178019093159926,-2.295152440146726,-0.4588286584021518,1
-1.326619362139237,-0.862681385781058,-0.9653318217729685,-0.2312081628170758,0.06975961656737698,-0.7315808415853126,-1.2777063102540531,-0.17893126728390904,-0.49827877710615814,-1.8975391938116002,0.6075709425262437,-0.7288472359522109,-0.26945224813107393,-0.21984636984448855,-0.015440909493705761,0.14604332136894624,-1.3045977677634357,0.3123584925488747,-0.34413340112880064,1.0844429884627536,0.8149790239852291,1.3227628303335035,-0.9383654476979899,1.2866650011908194,0.09407453213116035,0.6901877753065322,0.6743809084543171,0.45905499446742276,-1.0882241052509682,0.9550806220827918,0
0.3516785121014697,-1.473085436105757,-0.4836805805360049,-1.2130816625240899,-1.426207283543794,0.8533242443596823,-1.4793735205618896,-1.321118295116138,1.9782229663388264,-0.44788580164936204,0.6576607943638086,1.124831534569204,0.7742136085105723,0.14957284249147923,-0.03726407922452962,0.537606348847432,-0.22466255277775368,0.6948869238638791,-0.25895891946900873,-0.14553610222072794,1.8817601232101466,-0.4803902493193035,0.01924138942807609,0.4305627267988223,0.49479345698056415,0.2928624170478052,-1.2503901616723252,0.16204336828369678,0.24282893396832672,1.1399602708849947,0
0.7392415271226874,1.205860359584199,-1.0032053914699748,-0.9960203884140494,0.32809967083258557,1.1328519858396253,-0.20043392253271167,-0.7402895368592513,-1.6014672014061502,0.36302926566519744,-0.11291381388827956,-0.43394632083057766,0.9051900360931843,-0.08679462287744313,0.0008868862251668799,0.8998737225913145,2.190735779361357,-0.4444624713008951,-0.876239774485943,-0.9890589695792729,0.4768241717836939,-1.0905189873709145,-0.3732223507166378,-0.28527998028888457,1.5563990906717151,1.1928602184302324,-1.5367151960532217,1.5848242578186038,-1.216151219359919,0.16029100743005603,1
-0.8345435867695778,-0.3883046086096879,-0.9804089453455522,1.6755225205604303,-0.1400955428465418,0.22558981892046392,-1.0722762179942742,-1.4150648732673192,-0.4441444732942996,0.5214600685103625,-0.12145215141614787,0.9745394964015864,0.12417089070290546,0.00646521611294554,0.5351126855925138,0.10029953147728403,0.9440292047350465,0.5552107877665946,0.9109649218234425,0.7164567491403027,1.3602706114202159,0.8289341553335741,1.7475955397420577,-0.5411854839077078,0.8347841515664395,-1.3807167796052384,0.9470730447945763,0.05644458042677852,0.9368005906722566,1.6795110469146972,0
0.8010967164464359,-0.41274560220204715,-1.0879720710559526,0.5360108553321757,-0.2859370405534038,0.6635990946574616,-0.506740562848633,-0.9294778571647812,-0.2417398139357254,0.5009521764188507,0.12219870459349175,-0.8130857247071908,1.800514113293599,-0.13874290053309707,-2.2618241667132812,0.9322973875647977,-0.011103903606774742,-0.17052197407547653,-0.19039430665581045,-0.1847629323610488,1.668976640457176,0.4645321350415728,0.260377859039821,-0.26273902337074706,1.728473826909446,0.8429305629091586,0.9890540175353475,0.27816797168509916,0.9999375223902929,0.3931842319354487,1
-0.371289237815088,0.3694158162498746,2.097085551206828,0.20381833390973617,1.270169727560179,1.1913797186138702,0.5628696761989,1.6567743695229684,-2.17292456795871,-1.8363777873207339,1.7278265400897157,-0.647426057446153,0.11177207193167513,1.7505782220807693,0.1996502312031319,1.689608768028579,-0.38823968275665804,0.6158943348730559,0.05813520805995627,1.4906336079139102,-0.2616151869356204,-0.9643033514641056,-0.46761901375688036,-0.42325262417909554,-0.6471500385866964,-0.6887230455620325,1.1217172758942275,1.4078195094895174,0.3919274963225484,-0.6473295417091344,0
-0.5840305094617007,-2.072911298283104,0.3796857113453086,-0.6827302191961108,1.4711003540105303,-1.3781139014546995,-0.5923524325484771,-0.09556166927040963,0.46522955308348535,1.8029456628387157,-1.3704309011948088,-0.30193798587633647,-1.4281690807145078,0.7899515906438427,-0.6468941806403871,-0.10330371972419254,-0.17226353824702229,0.11628693834929589,-0.15627034532794687,-0.9716820360110637,0.0848999753812093,-0.7943871752460151,0.8145632020538126,0.05741356072007187,-1.0397427797520409,2.406875666284627,1.6588518719586076,2.4434726348339546,-0.3428953089427934,-0.8351860740602643,0
0.8064991631642038,1.1080281110006114,0.19672724456222335,-2.1037402990900844,-0.9811045731885085,0.42250464560406187,-0.6601733138515575,-1.3650102435272065,-0.25765563981748146,-3.246638381110081,-0.6033055876283868,-0.42602329320928056,0.3103969302662344,0.5476211509296341,0.3777098159079796,0.8972488329600955,-0.16797916113294672,-1.4555880545624158,0.04419451297334373,-0.8755005868696728,-1.3568870541877724,0.5790164786347226,-1.4128828151796278,0.6802095281705854,-1.292158730622629,-0.2905457122941441,-0.5640227314246962,1.136894996913597,0.5943366087369891,-0.8242449527881008,1
-0.15759514802867244,1.3294125269562418,1.4930196042888833,-1.3688094364566001,1.3161967392153422,1.239647928336459,0.17861319743220475,-0.0907600728593803,-0.5504356515293392,-1.2534038555648097,0.3389430959392769,-0.17005670872947903,0.4349204852788254,0.45881072017932256,2.5179017938558204,1.196683674339657,0.5469166486701501,-2.136961683578511,0.3923094168875058,1.5822675489907776,-0.42696039051651236,2.1906810042112723,0.5438643958341519,0.29455497910819356,-0.9907698239541098,1.503700318435293,-0.8306263486018566,-0.5643736428579179,-1.881077004784077,0.896153845119251,1
0.5876651588481077,0.01020212755346111,0.7402449265371559,0.6459900417330054,-0.36551672631884496,-0.7848371752931796,-1.7152722650127123,-0.1776763415023698,-1.3081493012703218,0.1626680992947081,-0.16041737044192012,-0.40203079300157674,1.0465161593485168,-0.9863642020126981,-1.8479824714018644,-0.225393047057179,-0.7399432334901728,0.12156916122004073,-0.913596050498946,0.42052802187058536,-0.9728806564126694,-0.9837023237596239,0.6164348278702614,-0.04645199984130626,-1.1870673075449476,-0.9518156664004086,-0.3728144921531983,-1.1429617929678018,-0.2879349562011742,-0.252743590494368,0
-0.9170648959284549,0.6500383348494176,-1.0203824492364142,1.2456682634615757,-0.21848416801078507,-0.6596584572497994,0.5393654433272717,0.03444625813708571,0.7598926967265645,-2.0010568995109606,0.5168514283394056,-0.5192770424722435,0.0375842811579285,-0.08817001555559807,1.3466160886376712,-1.8604963667687426,1.6140945218075398,0.7064440979436094,0.15213645724219255,-1.4335249350782149,-1.6720678067898682,-0.5609467049834059,0.6351030241085097,-0.006002615864854018,0.5782401336205714,-1.4633563875567581,0.044399673107711056,1.0953813751998045,1.451886770315635,-1.2539672287475492,1
-0.3519223732415372,-0.34079705543777195,-0.6263647560620992,0.9077699988682759,2.8714753773600035,-1.1137145893307667,0.4247680738617232,0.29553247516638226,0.3169835803677522,1.332997236162621,0.3732929742127611,-2.1362980260354023,-1.4368245886017912,-1.0669408507472449,-0.7485660697402936,-0.13958182363025703,-0.2147079832985576,-1.823397726525811,-1.6087022629981584,-2.118981783048669,-1.5540135168053262,0.9911642538590459,-0.2704532030759771,-0.9527039403582849,-1.9175757582707302,-1.01282403672111,0.607182660909134,0.4756640188900328,-0.2524629049529607,-0.2670387057042456,0
-1.7712520438345503,-0.7760563042273798,0.5555798343013023,-0.6748146794820377,1.6234764048564405,1.205565524364425,-0.4537744204662069,-0.2653660212828259,2.2230752431053107,0.8471949161302109,0.07027520637206978,0.18570257493901915,0.14889230895045483,-0.016973593963597246,-1.0709775474137453,-0.40231629050902346,-1.4360395188746768,0.724810598282734,-0.13248778708106626,0.7754847665187332,-1.2744280574355353,1.4220792636046862,1.2977100555220231,-1.5744284036598386,-0.5058801947766937,-0.3973289735410362,-1.437894963447144,-0.2598680431397575,0.5580918633215245,-0.46942886092647357,0
-1.7128819081087614,0.7724881040567858,-0.7916958626063253,-0.6862707394386035,1.6812924050438336,0.39665425429142587,-0.8090595019651095,-1.1890979164180187,0.9658905608921341,0.8970449608082315,-0.5067310367395556,-1.2590099854005588,0.3855992798061235,0.5939218868526001,-0.37274009134181546,-1.1031633974314505,0.024758600137188454,0.46174932068477437,-0.48709883601816595,0.26189320972610114,0.36097369570590226,1.1454639422364667,-0.42068324681978875,-1.1392560410228576,-0.0673196705359462,1.6875020666515121,-1.763124078443284,-2.3130599707548702,-0.10803857489935957,-0.37927530334098464,1
-0.20836500534805277,-0.24557390312370164,1.0055769778747312,-0.04246175355056821,0.8195894004286605,-2.477503629379048,-0.5290382218586236,-0.8152961861439483,-2.284651471820943,0.10339658052597459,-0.10030998303798015,-0.4670476089353394,-0.1259762360319129,0.10339058319259486,1.0130986754442135,0.642529751985372,0.3285547273506335,2.3072387338959883,-0.708072939775065,-1.3599013581294075,1.1741520976709512,1.8668381128971872,-0.6351921266573415,1.377801844701744,-0.5334558173890478,0.5847530155068312,0.6402729252127458,-0.6310528925206929,1.8467250135023263,1.961582623768833,0
-1.0212065086158622,0.2010542463815127,0.9145022753809691,-1.8825833377734538,0.026230613148542938,-1.6531778397702117,0.6674842531609496,0.08597319385843098,-0.3737690930065105,-1.566901408409166,-0.5986018139252923,0.5191969805350971,-0.040970121029351415,1.1925308283388183,1.1277585323043287,1.0852947222957294,-0.5377686826054677,0.294975292682527,-0.9652342401331475,-1.2599344141513182,1.1818533979923775,-1.1865240224250626,-1.2939537191008974,0.1051946560589399,-0.2706758799750176,-0.18421828623376477,2.305654507395327,-0.9944663510079147,0.49503321141927614,0.08669255796264042,1
1.0093389279245637,-0.7857888730169965,-0.2244648360099071,0.11414666937988713,-1.433821186230524,-1.8055503293402961,-0.020798639350341912,1.3376374366116903,-0.3522037310984569,-0.21508459510370603,1.1507057264660183,-0.1488159200272403,0.7769089731381569,2.666467710530158,-0.5770643001148124,-0.17705472109391826,0.39621814389481347,1.491623756254706,-0.11512677695615801,0.7292692497425489,0.34788511551437934,-0.07223996572758036,-0.42042159388895084,-0.6092152790491833,3.065525898375918,-1.5410482249669233,-1.4462896805209524,0.24474044789307947,0.2032659989347917,0.42635282985946266,1
-0.8745450174006767,-1.026472495038395,-0.28549682913512336,0.9076142388979236,-1.0177344284435696,0.1511248168972502,-0.5122595391323181,-1.5244809079552242,-1.2814076816690962,0.9103477800760694,-0.6038329567898686,1.2438086802176775,-0.03724761988900513,-1.3678262272144979,0.47719890296444795,-0.801341143457143,-0.3768452229365842,1.1327241328441298,-1.2896785543242344,-0.44961523374534673,-1.0835320026447588,-1.1903329251043504,-0.47319118828414575,-0.8575697431560082,-0.27390702309166054,0.6388400610318017,-0.7508605015783485,-1.4681827316624316,0.6414759960107517,-0.7575787028579324,1
1.8277690013636894,-0.40899613872132606,-0.13597518504470993,-2.3040922986117494,-1.161733695802283,-2.2791405501604025,0.2940873210427132,-0.08179675158612047,0.6301232104308555,0.8074099759512389,0.9614719354843895,-0.22504018720463492,0.08541278057838739,0.5789420213788304,-0.7947280199071778,-0.9380124467132406,1.5400672397428257,-1.8061642083789784,0.5000040853228629,0.34121171654235266,-1.1233205745712393,-0.6678430584609125,-0.3568410299902033,0.21667228576379846,0.3516712692200746,-0.03092954417963864,0.18839263213498064,0.6594502683770386,0.613263229845668,1.5343064064815883,0
1.0431357358422049,0.01779132392691489,0.640682067589462,0.4238231450970627,0.16440658035585234,-0.8685984319467287,0.1622558745717365,-2.0652486874260005,1.0723251843264354,0.3503477167034108,-0.159185033556736,-0.4207182769747542,0.6545025505437538,1.8375140802021441,0.37507989663243846,1.9022478557193994,0.784354215539965,-0.8054024956412983,0.48772925319753474,0.39006808950167493,-0.8059921187848342,-0.4077263559080225,-0.42755029235477715,0.10022547916008925,-0.28003877515032116,0.2686668456195299,0.43068625272227234,1.2676684337133455,0.5491397921581554,-0.7019408185972573,0
2.1111029144064735,-0.6954672340667563,-0.3875923783260235,0.5974958203432732,2.895299687887994,0.40158545149171704,-0.6415818720659228,-1.6393264190564438,-1.7058242833890767,0.010958187625096804,0.5447457696177423,-1.4198133367005552,0.22197220137759255,-1.3135720315801107,-0.9244048362215113,0.6317483206159163,-0.7476264297688239,1.3100817334069204,-0.5843780626141057,1.1094418550158274,2.2652151837774417,-0.7456813779703693,2.4660286735807313,0.013486110527938315,-0.6325673012524995,-0.29604110782597826,-0.4034453652327542,1.401790299885356,1.3178373924703934,1.3059681516263462,0
-1.299412908171348,0.18930269080598924,-1.5496943101547969,1.0110985331703015,-0.48365330725046884,0.5030781505729426,-0.501858506586777,-1.7558529480776266,0.8851532451205563,0.9623911466423528,0.13936912237586419,-2.1114004454661055,0.7503543112407338,-0.7375881072729292,0.5165763136323301,-0.49060279915415195,-0.3879611649762693,0.4976175046616279,-0.820904923928941,-0.1666841258940953,0.5095988583161316,2.166449128316362,-0.07446931799402748,0.8394893148022425,-1.1718081477049838,1.6946328443393615,-0.8080380921449698,-0.13219154498269128,0.5112153741115679,-0.779914208636281,0
1.080908399147931,-0.6618073472576657,0.830623923161204,1.067701973702555,0.5784288893377483,0.708430967844287,2.5308745491588476,0.41654427166133706,0.10983930374560356,0.3362329337255156,1.271326718402925,2.329275285593032,-0.16646574524308105,-0.9123793253406455,1.1625494365705773,-1.3630881357752478,0.25775877860245167,0.30462509913388547,-0.10733714119723227,-0.048540176973698085,-1.6524936059451951,-0.8682813739313306,0.9370908281073309,-2.041268793932426,-0.08599421240326828,-0.3125658840581562,-1.992438654593114,1.692376448937022,-1.0302680922000675,0.548926713253264,0
-0.46889760823305676,-0.844859778964654,-0.23598056541908702,-0.3563540792151494,-0.18673351265011154,-0.7869517841902726,-1.013984576660206,1.0044564239795875,0.006935622192633547,-0.06031346694484812,-0.8914780606168474,1.574398857128693,-0.0874285760652176,-1.8957091905446861,0.2758236474399956,-0.7641938357004187,0.9108339626548762,1.038431624427067,0.9229337721638942,-0.46140690552391267,-0.11289835027903901,0.2486056220469717,0.8926613173372667,-1.037753188032503,0.0934259591400311,1.8679229390015466,-0.5353936031463985,-0.02607076957758867,2.6134875549344487,-0.24123661297117174,0
-1.5387940565160205,-0.05738062859326382,1.6729295554580093,1.0567145995414655,-0.979691019200932,0.41539471371341247,-0.17584485081442247,0.8120337281749759,-0.6153974337204418,0.494517703133399,1.910252823395939,-2.6123663765142178,0.5928925942386437,1.3190670740803834,-1.556336982379554,-0.7205968567729982,-0.39370363918170914,-0.7309101470688066,-0.805813663422658,-0.37474291890278094,0.8516948429954513,1.487652323520624,1.3026540871209262,0.9938008401204063,1.8321150931203067,2.0313276446777473,0.16605911703391626,1.430965255676379,0.42391919852182386,-0.2162390433987619,1
-0.04976871237009626,1.0125174658325966,1.465591165100627,0.5804543651517626,-0.3960378849432916,-0.48947892673684573,-1.8532844817858831,0.3609340319439061,0.2928925937909291,-1.0446373505080375,0.47310492054962,0.45633336246632955,-1.4837124191355169,-0.32174397774889685,1.4090457186438459,-0.6331805240521332,0.017641682513651908,0.1604568043639121,-0.02633619535201959,0.6887040493303958,0.9352217035249997,1.2645826906871505,-0.3134979282050372,0.523866605595339,0.8398292872803401,-0.11833343182012836,-0.719161695116565,0.14357818705514605,-0.6057315315335446,-0.70422809385057,0
0.22013390815337808,-0.18831631822276296,0.1755218947298227,-1.5512265683702238,-0.17554712923635513,-2.260264901806472,-1.0454701746364303,-0.08893355146471844,1.2131225647568318,0.5368508611669277,0.0902768682178255,-0.37674497185854394,-0.2505924612532481,1.3057791978795394,-1.1063485961704482,-0.7255382605615397,1.0667554098671448,-0.34392714670174596,1.9390859861068257,0.690699883972354,1.154957063340572,-1.625627520802594,1.0594266227829574,-0.849389683248919,0.7157645702414513,-0.36370130066304696,0.22280341856053282,-1.1062302816536052,-1.720580399233776,0.15055643045930028,1
-0.29379989243230914,-0.8937956233489198,-1.6820499880076791,-2.675054028235318,0.5235592307851036,-0.2550648202731272,-0.6038649716441735,0.21281150484649686,1.0144042602962138,0.26956652692063826,-0.4431290232228801,2.1324884951166876,-0.6357526824899736,-1.4096309072584738,0.09981563771960583,-0.2555607857101847,0.9470942432760785,-0.5262886910748877,-0.16515390654818293,-0.8657677512409321,0.8076585219272564,0.1435699981840194,-0.2751847627420846,-0.1499903660990867,-0.021310499156871835,-1.4373609575866795,1.162708381575145,1.1040283117402268,0.04068038940267349,-0.06619044712575564,0
-0.9966580131049155,1.7273349623497039,1.485454565000845,0.39439473340838577,0.8200480866716071,1.2304809678911859,1.0274700549207774,-0.8561949714486008,-0.31112649042248275,0.4681821859394662,0.2033249323084512,0.7530590690196768,0.6437254029922227,0.2469713282648185,-2.603736706478307,1.1728362782908315,0.8390358157489616,2.0692141289193806,-0.47749758557158023,-1.8429061299101606,-0.18044834035986979,0.45668033887731735,-0.44203886185948993,1.371793668092127,-0.660139485081315,-0.10088532346348261,-0.24598992716014476,2.7743114592800957,-0.9060776601175594,0.5837314711868383,0
-1.201207505159966,0.34296474844778546,-0.9544671800577996,1.099944565240973,0.9081286158176486,0.2715202564305467,-1.391429471924784,-0.05320430226885978,-0.30413770347858865,0.8303928642472896,-0.9024884128397099,1.155061481152446,0.9673870681534373,-1.3744009275040197,-0.21960308045251078,-0.05133546987887647,1.0059478593597342,-0.6868206731304172,0.2076041692676956,1.099058518684361,0.2512693129286596,-1.857320945115783,-0.4945207217337529,0.9042324039068871,0.7793754686656668,-2.249390669844755,0.20073779061015654,0.9460045606820154,0.5389244881597188,0.6535749967454207,1
2.0623164204948403,-0.04345313958219695,0.3047765451066457,-0.9394955115545982,-0.6346711229603367,-0.3319742378595674,0.849725656844782,-0.747608779553076,1.2346230896017003,-1.093166231745843,0.639604902921725,0.5520665589099164,0.2574780873216384,0.9846386590469949,-0.7425413685042086,-0.4661267028606008,-0.9633532081738034,0.009012004299573603,-0.11994208689667714,0.8564550585020138,0.38681169057933296,0.6894173243859768,-0.19712909818586982,0.405674474911667,1.81273541748791,-1.3455420838698489,-1.8390942726092698,0.6369130224322067,-0.848542733564475,-1.3817312813799791,1
0.5339077898464336,-1.0043761501451283,1.5390560851002069,0.15646961397609468,-0.20260583269436613,-0.8215804174491776,0.2151883738310904,-1.5909213386700802,-2.468290027187743,-1.55415405187961,1.1371901565286588,-0.9241391445750605,-1.4345022661376445,-0.08880140267108531,2.224687628990367,1.0918946086607597,-0.8004447469146592,-0.8184641051466727,-0.7959551121142107,-0.9102646302881251,0.5437932981052039,-0.33594848539284694,-1.1131398773474654,-1.33626712251715,2.301033609213353,0.7387462213769611,-0.8560901394106828,1.2123594674626208,-1.1523891741341,-0.13711049344995996,1
-0.24656418765152777,0.18232616681675526,-0.9421022054881916,0.1284912488197047,-1.748379644209843,-0.37673191401876105,1.335230769649691,1.025352484616125,-0.6960140932896717,-1.5259358828144642,-2.1831448905128203,0.6174708562230246,0.2783895326816345,0.3856731879715925,1.6906028035597378,0.15289424473517607,0.22808212606494668,-1.3973795917137353,1.6239370691663522,-0.16395781876286394,-0.8168760877121736,0.20785664336746804,2.000311612340366,2.135199189769899,-0.9703995756076688,1.1753716080206067,0.335731454937188,0.98759218424679,0.2767163089199017,0.6148848880812876,0
1.321305248578767,-1.7491697409295013,0.36037397531728566,-1.1695121972813785,-0.4635992993638447,0.0009712844539795156,-1.0078320523486117,-0.5813877965366484,-1.4007164612340683,-0.5932799607392092,0.511851511258156,0.8654526587190183,-0.7693787522488437,1.3277913374262482,0.5773842243667222,1.4333890716484394,-1.770777876088075,0.31125087558144526,0.6112131480967128,-1.718524070990591,2.414247891604123,-0.636562542415029,0.5438586904362106,0.9267441835025471,0.10118288488733676,1.3858280724602052,1.9952132009853538,-1.1096116539225072,0.11614607122441208,0.9156768561104869,1
-1.633038713408516,1.0642732840174398,1.7065357041242148,1.2838868623433726,0.43844488701934653,1.5394596354665748,0.3574512753341081,-1.3196167481753767,-0.5218945393771243,-0.25562410801608837,-0.06395037383143122,-0.09422975631704027,-0.3382503214232219,0.21884352396189993,1.5042363041335034,0.21411251446994345,0.6287164818248245,-2.193921492855155,0.12597718475777786,1.0868348046605083,1.2468500679642167,1.1451024649965629,0.30341157182168993,0.41393523181298186,-0.6727212318446706,0.8450183428948844,-0.6673938189323864,0.6808942171283918,0.041512943143917666,0.014941585539522004,0
1.0012418719963017,0.5612069435201517,0.2825974174594466,-0.4977267980643674,1.6023132348898323,0.3329634731071918,0.7473873270408589,0.08094711093703945,-0.6937323028467162,0.3549454194342887,-0.595765864046395,0.4377778074794453,-3.265301280016069,-0.4008139519942132,-0.014348690601181505,-0.9544283758629131,0.36378218391841105,-0.4222237550158616,-0.005909585471900733,-0.5515256818379408,0.9719109925521373,0.545971837296784,0.29790595695767685,0.06199083480972504,2.5306320933062327,-0.1574097776840438,-0.6968863726545788,-1.1730608577715664,0.9053551128643544,1.6312188190699128,0
-0.8480560262756093,-0.28489667884980874,-0.35943020026117056,-0.12409682688976757,-1.767772131504715,0.8067261939570111,1.1902441481706256,-1.9045545039380627,1.7579350736455062,1.6175380919147955,-3.0698506847002465,-2.173318223424589,-0.13292984508764355,1.3160404153661014,0.28977075394576457,0.0213843668315621,0.5736620620666372,-0.8080942092649501,1.2773597133614718,-0.10361664599741714,-1.6330280186931359,-0.7954776830562419,0.36900863582438714,-0.28967935144317664,-0.39326411453221405,0.20293273794733302,0.3586244426779137,-1.2303811573480583,1.2234916835555716,-0.1311217558858988,0
0.41968633120911647,0.09738192299248424,-0.4101167439555674,0.9116437157322783,0.08116920689853675,0.07331759870293683,-2.4886937075672746,0.8199519873964188,-0.17053365847745441,0.7549323998094809,1.6449613308479023,0.8233665715972965,0.05415132643164642,-0.28642711509078983,2.52572319226632,0.4833853138086508,0.2096300881530726,-0.1829398791921355,-0.8965567643040447,-1.9506868330255778,1.5211762907551794,-0.7793830668599554,-0.19031555284991938,-0.10605847628658058,1.4331079305455219,-0.7662919054877166,0.2573487513832925,0.5121633395741857,-1.384452482132051,-1.478464181254987,1
-0.7150195429713834,0.2436699580746205,0.1164901809228325,-0.11908256328907835,0.652385999557746,-0.856795611649463,-0.17054480643604644,-0.11354248563475942,-0.8297876177467686,2.301694951280328,-2.160437988748396,1.2406808322122653,0.8000722127092585,0.8082876048553111,0.09584853478153166,1.3335785733889212,-0.44835959709633827,0.39243919149506556,0.07320042549538541,-0.2323109049289033,0.12185200601877916,-0.9487590882876141,-0.6640326001344216,1.5803137533960019,2.8815978084487095,0.5199553295976828,0.833558045314574,0.2520314851910502,0.45505455896592295,0.5437918577045614,0
1.0354284330945405,1.5369498175386869,-0.884414138574311,2.8277985239018646,0.13826896092380053,0.13859606620321088,-0.41290934234534993,-0.40908202095079593,0.616370903729376,0.6371566726973005,0.5652236712360638,-0.454835663145509,-2.7011832631028403,-1.7955335990913182,0.013287851627688873,0.33588133752025845,-0.4196957781967513,-0.6929022299272285,0.29669320911200453,-0.10763128795087822,-0.47649267824968017,-1.6155058524534813,-0.8439345975905111,0.9325924501331961,-0.9626328081996482,0.6636544746612901,1.3864040983763448,-0.7910622181337352,-0.4446538390520206,0.9873499719338419,0
1.2328317503066524,-0.6447946328289008,-1.621327843859338,1.2548764115873359,0.5838575767823064,0.40062972587287105,0.9155921472883846,-1.1851086019339763,0.39119903557923325,-0.28526652554865306,0.6027558196768243,0.7990383682725635,0.976553309695453,0.5985609757355548,0.25068326482559394,0.28416257069736756,0.3667642850217683,-0.6243058513063588,-0.3704964146036378,0.4023366427484286,0.6504799857754295,-0.6509928628160224,-1.0766319820247496,-1.6752990873112694,-1.2613352932595918,-0.5395573632282343,-0.4466152320154794,-0.2828367778074361,-1.2050184119356202,-1.8125423575709303,1
0.1265633818182017,0.12696841281588325,0.6213357417194139,0.8150380177484688,0.3923580717281271,0.11466763552849865,0.8760060615353292,1.4240589917261128,-0.6766762281883199,0.7702606714562491,-0.6241766871306335,0.2190344112800045,1.0695397004861662,-0.2736677326017231,-0.9520768632941848,-0.4592119890130379,-0.9530482140425021,-1.0742127926461538,1.2065733980304039,0.5323708348920748,-0.7195537148629231,-0.9843915604519892,-0.9154067411518478,-0.7197267610394331,1.1526582120951097,-0.11008997367746254,2.1316143793996107,-0.039739208030507046,-0.5756448182741095,0.9277692231460491,1
-1.6701423855430897,0.1884483546263499,-1.212174167372697,-2.1821300099977057,-0.11764771412826441,0.8347762513433552,0.2139259670200002,0.09373537295348577,-2.5987811708350432,-0.15496361504599276,-0.14518865946091403,0.6212617842511813,-1.0581314963866693,0.8296557273997315,-0.5093776786082543,-0.29929978845441263,0.5279394797054283,-1.1894256447059588,0.8242063839985788,-1.354641497356342,0.6551754926653098,-0.23547107861045957,-0.15376979058753343,-3.0651387724171473,-0.5907583802424837,-0.21022213263292483,1.54862426565571,-0.03591971566296419,-0.6529682220007946,0.8336582055381897,1
-0.5051638275318912,1.0322124784043658,0.2613493895565287,-0.8995566712902001,0.9378655390099649,0.6010362166022803,0.8957074233602267,-0.18211623084438003,0.6011311359953174,1.9204883904628482,0.1714011072918748,-0.3986425901153586,1.5439596148346848,0.667108991929203,-0.4504868506455491,1.735126600254703,-1.20341698929691,0.5291646873050377,1.1464886608392395,1.0717449727404802,-0.8999691109737346,-1.240560361891894,0.2295063333850477,0.7047482797398938,-1.077959231861604,0.301782819989096,-1.4574864541813366,1.0608443116981368,-0.5712825689190185,-0.16402682730987495,1
0.8643170936942556,0.771203390280923,0.47394617689233254,1.0294822417055784,0.40904659922712466,1.447532781787812,-1.7107840995966443,-0.059566738963934135,-0.10206583456923898,-0.21897072643452986,0.49742879706455345,0.21399600186116616,0.8248201644828588,-1.1838730900058776,2.2922116403667125,-0.3909721105290419,0.2867563629762387,-0.20624157356883052,0.08106665105080783,-0.5349105013749927,0.20580301378576832,0.5800967375144677,-2.4017339694808357,-0.32854779239128,-0.36657951370692754,2.3210685106881983,0.8600711801007236,1.5000596190519615,0.558115867341191,0.08235770216306267,1
0.3641573435754094,1.1229743933613603,1.7501182914451288,0.3020511750720169,-0.622931400327867,0.9245743299680035,-0.8531738945595714,0.39039800434456146,0.6813137179334919,-0.10807600420773998,-0.904820384926342,-0.4545511761689549,-0.31642072133277943,-1.0535925147203833,-0.38609615570453854,-1.4519640867003818,0.5911279419552714,0.3333407200267059,0.2656983370972071,-0.3858976188683715,-0.2520490204842393,-0.8289454042035698,0.5051707234706794,-1.3578400391513823,0.08376423299513096,-0.6336974667774918,1.7573103823655924,0.5267825799806767,-0.00044542321247569,-1.1060232006806379,1
-1.3635191276756924,0.49580026035721864,1.798795320275053,0.40895339264404434,0.1752905221425491,0.18974676081577507,0.10301863335643073,0.20333806781687208,-0.685159073734043,-0.9735671976057167,0.1092332347693908,1.4934177143063414,0.7770306333747569,-1.2334229942722374,-0.25518926191161617,0.7289965122190364,1.5168692891551248,1.791287453684189,-0.2107162596561808,0.8242309561922481,0.2492716928418623,-0.1197277666748876,0.06234668275414231,0.07462527756622943,1.1751637530044687,-1.4044695750230667,0.46814616402719184,1.53941796003272,1.4317875249759076,0.5689734442097876,0
-0.7570504093585445,0.7767782964840588,1.324940111960636,-0.5151403799619889,0.3576107755475011,-0.20526992382830478,-0.6139871935980452,-0.3151699548431839,0.12853057902255294,-0.9182360337154052,-1.0821100653046587,-0.8896060493736256,0.3279007492289732,-1.4658129126757022,-2.2169795337210223,1.3725038236541869,-1.013221438772313,-0.19400912223653752,0.9222889565910973,-1.4382594303498042,-1.4394417555495254,-0.6325831328673691,0.9613046740252899,-0.021646506991205704,-0.008076121567230794,-0.2954230519244464,0.5621347604752864,1.4318464981759573,2.984024506327075,-0.14808563216145532,0
1.5259478651476914,0.9992648063828188,0.26699435508743585,-2.2099935473906718,-0.37788716352667484,-0.33826325922295297,0.35880082602224206,-0.19746677559292514,-0.5631989250841964,2.0300099448435005,1.3081771875807167,-2.0228235479914014,-0.28108738151852125,0.630922852706151,1.3309067150119056,-0.4199767580975282,-0.21537043025549424,0.09478447046661977,0.6618474701725936,-1.5355368865318446,-2.015377845970932,1.2545503206225113,-0.9900747587966935,2.1226595519695763,-0.8635726028866598,-0.1849577503489177,0.3685997744109252,-2.1319568521125705,2.864391265719847,-0.39499684363200044,0
-0.8385118495791605,-1.1663674994952404,0.3617534804401982,0.29085436505746787,-1.1326297863664336,-1.3719416260366424,1.055256273000204,-0.6557074233994538,-1.7210162706113832,-0.14792176108858066,-0.4017262524551633,1.9500299227002778,-0.5221847824843087,-0.3082260262769807,0.21945618517719861,-0.5708685090302549,0.4409568375571314,-1.0168719764503373,-0.23931277205368975,0.40681391457239197,1.137637405497514,-0.5861871616067287,-0.5981267451898663,1.5412315832090135,-0.5518202912941875,-0.05674148767686404,1.7127527669050882,0.06745737068501949,-0.24775540849390862,-0.17316003320860224,1
-0.7404520022498615,0.4507833101337113,-0.924022532366217,0.7785088452285175,0.015215511875255619,0.2354737189138976,1.7297014205313348,-1.4490790523249402,0.024421991681113624,0.6380817113945972,-0.6162336569361184,0.951116272538887,-0.5446862067900078,0.2916230647161846,-0.12349437512702945,0.1617851000789016,0.07394872999480892,-0.03196569088043541,-0.4734670664997493,-0.6647047891108497,0.3159858329562038,0.052706133984514444,-0.6920979087782884,0.34338416268056127,-0.4625533402486919,1.5554399963122743,2.4891803124160408,1.3890468473602082,1.3333245348753875,0.8141673796198584,0
-0.20983155159387393,-1.8990603825291166,-1.025005909637914,-0.6767394744763148,1.2077371195222522,0.2561319432815173,-0.6595234533284451,-1.8451863409348064,2.318146928469932,0.5333135559629747,0.9085098334284564,-0.5356605733236723,-0.13861227066279017,-0.3438654548066009,0.06433673896149568,1.8457871624290134,-1.2042811172561152,-0.04126415529759911,0.360874531251176,-0.11681727294717771,0.9953248484988321,-1.7356444225035648,1.883769043498768,-1.370519206253032,-1.1301076694324934,-0.44945317052168143,-0.6475859576116851,0.42450345648892446,0.3086918282386993,0.11355699519723655,0
-1.4178817179957885,-0.13945242478054587,0.019732562221111593,1.2322743961168916,0.19944354977519713,0.38265743159531845,1.962494848548966,-1.1601067009358068,-0.3881076333977684,-1.13584987003069,1.6065193984485686,1.6748436605375778,1.5285260195788937,0.5473971632307985,0.3805017084383007,-0.4580414620116979,0.7694332366372857,-1.2813678297195024,-1.2847801316562395,-0.41987237543144723,1.8870010064396205,-0.5134553178162936,-0.3783787556545754,0.28777216805983297,0.8986130636850839,1.2520207392110776,-1.1203762251476512,-0.09667484796553942,0.2245135192293082,0.3247655320479002,0
0.8657935664459301,0.8200839891634789,0.025494506365251343,1.1523791787767435,0.9687850342092983,0.8883819242068287,-0.5288085287188541,0.7128977725220079,1.2035676747803439,-0.5138497066975575,0.13155896302475087,1.5647461905645748,0.3964903571641531,-0.0878519214301092,1.4616036354284392,-0.4704991033158255,-1.6961256510155363,-0.7791677359134588,1.1360094005467354,0.5206936646669115,0.06811149294866622,1.0611295193671757,0.1668586096276266,-0.2223379706548176,0.8351204760550667,-0.38202518741840297,0.4902461687714487,-0.7947320213015856,-1.0545477664004663,-0.8657274424954694,0
-0.026064658353322466,-0.6479523509040468,-0.6198749914497454,-0.15344160768343704,-0.07222043815946974,-1.5510511617378298,-2.522423232183445,0.39996819256172217,0.13922117751641236,-1.3702349677570222,0.43627829570548227,0.4344521162404233,-0.3022124629009165,1.9593663121115168,1.2692116592436382,-0.3990712947719796,-0.3804210653176959,-1.457880668154295,1.224725860146831,0.2468200529309852,0.823060977490355,-2.13395147280393,0.7775286627830279,-0.5096467392039585,0.5843043239385983,0.5212242696820868,-0.02064613143018826,-0.6973360040652976,0.3988616106461461,-0.8359113162300783,1
1.0505739003526469,-0.7216493765954907,0.02274349976152516,-0.745792825499147,0.15873633293983705,-1.0317606216719644,-0.8091440050070597,2.29452950863024,0.8442172793825847,0.3694494274713548,0.5141169653801657,0.3056406552790652,-0.08889203206916624,0.7567201835681908,-0.8269846961068903,1.5955353160279324,0.12033500095337722,0.8017052689192529,1.5733825756611037,0.4912074702511906,-0.8104882652350895,1.2195441913761536,1.6961906108691118,-1.9465221629419813,-0.10187397310888689,0.29143826409315177,-0.2640549282130808,-1.2459422026959832,-0.8830535557890411,-1.8491241608272302,1
0.9551086807990391,1.3735568987521387,1.3596282727514504,-0.029570035474763008,0.27191690731952933,1.0699231991642273,-0.23288599877824354,-0.9492816624460785,-0.5707168502137118,0.17554786999179714,-0.7136384555907574,0.473296902904735,-1.355103514970297,-0.2426532113575201,0.405549671296271,0.13251169743866262,-0.7351215127619057,0.7350477348215683,0.2624892502463665,-2.0889965548764873,0.45531769130761196,-0.4221975273194977,-0.5249648530397729,-0.8299256192641569,-1.0030274173800025,0.20658322725963232,0.5460261471649326,0.1531723459396652,0.9494534866897745,0.5814045985698685,1
-2.006962065048974,-0.9165199170063959,1.1884192214689575,-1.2693835697049536,-2.7350280079047677,1.8314500310634725,0.2966125305325777,-0.6830568003912371,-0.8483991065406519,0.6294061583760456,0.47799788050219505,0.32720233994811504,-0.1887495313065819,-1.2805830723459164,-0.03596480753921297,1.0651450299518093,-0.541950992200323,0.6010687827965541,-0.404631259066082,0.8012441405128483,-0.979946296796284,0.013687621460547673,0.4564737630050908,-0.6754505172609993,0.3626133847214181,-0.02955173074579128,-0.04415565201512345,-0.6777537864011561,0.9973425616253522,-0.9451293192626833,1
0.2797647406373927,-0.8492080173271038,-0.06617104790015184,0.642862761809485,-0.288851307641627,-3.0761961244458274,-1.3446959787046067,-2.1579979168275116,0.06791010876578783,-0.005012319053457588,-0.3506240909000111,-0.6264563882122365,0.22113186864031464,-1.4473191207238327,0.9560561464781342,0.07512002210648737,-0.9447953093776785,-0.418419474447134,-0.1313336723057194,-1.380787282726225,0.6708779926568624,0.9654708289037275,0.11741377351352068,0.9405483130857234,2.6500085760762095,-1.8783933347893953,0.051906306927654244,-1.343117666686139,1.5607170866591635,0.24630912032180352,1
-0.6980952791624665,-0.2603574342119208,1.336299766072003,0.45228468412497336,0.5789200753284736,1.488079396477385,0.954371546845869,1.1240075672033105,-0.1263358048321472,-2.2538845267592555,0.10356346135707487,-0.6644582201141688,0.7885849186852998,-1.7703184792659985,0.828235287956127,0.18854085290726794,0.3537978694072974,0.6187613053042638,-0.028464320775719643,-0.3329888498540914,1.13497721522075,0.5931595663868695,0.6888405361710387,-0.08252462204813875,0.10953056166257286,-0.013240229057313771,-1.744157813652125,-1.3811250470375382,-0.12318337797941596,-1.877424452625754,1
-0.11013882367935497,-0.8942596232331818,-0.07597672749959077,0.17000359832120013,-1.858218467464108,0.32507670039887726,-0.449543580483468,-2.3228056525324656,-0.4608803923775481,0.37967198748065617,-0.40568087752801874,-0.46665149042165005,0.15386565413163864,-0.47924282682340935,-0.26715213467941457,-1.3264609561906242,-0.5182842910765452,1.884079318036378,0.1784153603714713,0.26912428553963064,-0.6426728552771627,-0.3946871493019479,-0.22848494560084429,0.8741978752663329,1.1988480713788707,-0.4543503800209497,-0.02341863112480702,-0.2350332653235004,0.7623637308789043,0.4685867167223008,0
-0.08995349832691157,1.0096461092425209,0.5181135826554861,-0.7711247568415551,0.00821217692841234,-0.17652002160569608,-0.9878741948201595,-0.22530968084380942,1.1390875341288749,1.094912318818435,0.9132496859814331,0.7791438059728837,0.20798327997365593,-0.6013626788978559,0.5637573592073799,-1.6463269517436803,-0.6718819841120054,1.1047563817100736,-0.492096223259355,0.6399760939464942,-0.36305897000436577,0.5501675854366074,-1.5400922656352591,1.2717988737277222,-1.1159552752068975,-1.3618360005728272,1.2180610747612757,-0.002819098537323635,-0.30624748878000063,1.5676460308486078,0
0.7310816416319909,-0.4495009097512943,-0.13438563086534547,1.0739113462487788,-0.9635758076643554,1.443456290532381,-0.4433592223623425,-0.8714895209994524,1.0869132826603867,0.7346056627087287,-1.7765935031779123,-0.10682505280348818,-1.105198526282599,0.7983384374818052,1.7196135667459327,0.5377189861828239,-0.7596676668728981,0.8899408573052151,-0.05035495079840751,-0.07378484999704746,-0.48529470963014465,0.10468472504216329,-0.07097496489847427,-2.404197401619775,0.02586558615119825,-0.13761712831820413,0.3468189385792584,-2.0067321677231704,0.5120027431175709,0.028607231520219517,1
0.49513547112218376,-1.6291271098395612,-1.234719558331209,-1.874986788894351,0.14631742947091325,-0.3450698642695748,-0.14399592633301272,-1.3924513681736794,-1.2098320099379394,-2.4960918673442842,-1.3455477158341431,-0.6500361797009686,-0.5983478523578608,-0.06762484939370247,0.7616299832127008,-0.6889801368063571,0.488789084320336,0.7782610129965553,1.1500380559440153,0.48978622279720063,0.07328768209833124,-1.0800372138841925,0.2725097663837726,-0.3762882265948306,1.3764877490158332,0.09126884332729283,-0.1599689206351216,1.4159283441667032,-0.48237535218911576,-0.0031962248511765105,1
2.0093921880200063,0.2662354921621315,1.1251385699815617,1.5037901139422727,-0.5518632690507254,0.9087747916463117,-0.33274879363551807,2.0399390241259345,1.4436217075414193,0.7432923874575843,1.044597689980194,-0.6955910009152347,1.7175476796939269,-0.9043811896953817,0.40703287546035577,-0.7139601304572374,0.8603876314285939,1.7450738768807714,0.45154296190995336,0.31508151063134665,-0.11361795555976716,0.10046210130669146,-0.3357382407943399,1.6333490091680336,0.793973169936337,-0.34740819977420645,0.06039503223469544,2.91589035837341,0.27215353574927625,1.4529512800577957,1
-0.5765585573174812,0.4735968558971902,-0.6244998057166453,-0.5353105148965901,0.7937420512945421,-0.8955931012870951,-1.1920375546688182,0.6852273019428925,-0.48818810132818863,-0.2800005310198892,-1.8011154638333449,-1.2692971308421301,0.22067835370958205,-0.23357722390505356,0.9091755571558775,-0.8997215617233593,-0.1660618117044588,0.04648514508151206,-0.20412839585413375,0.5975083035747978,-1.0857761680042615,0.5122961493159612,1.139106326743576,-0.8233333446959358,0.40066901135419053,0.35737751447284616,0.588786892215225,0.0014911404006270074,1.4182923390899478,2.1102874858381893,0
0.62508433440978,0.313912160862394,0.01377922811689736,-1.3135389236854216,-1.4274136762345762,-1.1539653980425606,0.2657392259685663,-0.19272985482341548,1.527116504980615,-2.5051868785944102,0.04072733221320328,0.4333894886440434,0.8976836762900798,0.14332339496113267,0.36479526850835275,0.17603189205011832,0.43975228826950624,-0.01928200975223124,2.1161785357542504,0.5778445283674349,0.1973894717674763,-0.7381244883245351,-0.3422926627638551,1.5101203500159368,-2.484975881799891,0.05679897242686674,-0.024922878521544612,0.5000848172348585,0.26521541324255515,1.515811055274634,0
0.09820614567905703,-0.06410822887660364,0.951790756019536,1.5328311414262208,0.6868469441346166,1.011543751170463,-0.21740423230641442,0.12540480613913454,1.4857320735996398,0.5267114602582283,-0.24202987576281562,0.03255055478737508,1.03715129030455,1.126227010324149,-0.8421311416197738,0.3625912750468706,-0.007842842553311306,-0.06553584810370829,1.3303079504307158,-0.23753813989392594,-0.5755771032751217,-0.8149913043685142,-0.17454693120564455,-0.7352462687781551,-0.8647817625390524,-0.8899701256670944,-0.8305427041067993,-0.7608323890173405,0.399052721658541,-1.959982522607138,1
-0.7017532479835236,-0.10012990735823264,1.148624620178139,-0.24592703907658375,-0.15332336788267392,-0.08794670397811996,-1.8236876537777262,0.6590931009249315,0.6174215702113746,0.814496159286673,2.5058480530282896,-1.2985216029872098,-1.4880266646056737,0.7058673145989882,-0.33748910118569214,-0.9856282535369405,-0.2825624678209693,-0.6183436250917209,1.7247770677971668,2.2618123040233016,-1.6355612913434658,-1.476548813266637,-0.7593680046319069,-0.6895280416790119,-0.775260446698419,-0.19423417954351363,-0.44683480072194054,-1.353612592895318,-1.026808240863981,1.546338832209564,1
-0.3574482467346832,-0.40863089162598915,-1.5204371458274732,-0.4632167273041657,0.9609024295675825,0.5955514784694059,0.8110992979735565,-1.20359707607633,-1.2196176834038477,1.1334357221740536,0.8262741398677672,-0.25846276181564737,0.8530402684490773,-1.2029963722537889,-1.244468107797465,-1.6174611525147236,0.3614704330036449,0.2167178744380668,-0.5224165201809564,-0.7803926096115112,2.414548603862906,-0.2591309935883875,1.3880670145339764,-0.14634843444948117,-0.5007127077886655,1.41665950980639,0.7899641204159967,-0.024109022997649953,1.1337141117526117,2.520306516175237,0
-0.7323533665221554,0.4717366467452513,-0.4092101637417476,-0.9345410207683023,-0.962266786116133,1.5923331460185985,-1.8247606073063454,0.5078593584667956,-0.8252430776202341,1.7724949515679935,-0.2730766489343272,-0.3640076732822661,1.5695093044942368,0.8768000823122144,0.5542269843626706,0.8058119555057839,-1.083273588765743,0.7417132055381365,-0.19905421417501803,0.36092469916225944,0.48455292626129165,-1.1105090832073072,0.5938225958408286,-0.18635728997137616,-1.2399214459768697,-0.14656580652904147,0.02002511411517442,0.5936318912679621,-2.388291037807351,0.3881362298766596,0
-0.511860056835393,0.8098734464104913,-0.0018661462842343274,-0.33338150435494895,-0.17750039627626102,0.3334097421911108,0.9079094076713535,-0.891111297675059,-0.3436598594323028,1.4693460508186749,-0.3611116932869676,0.3672497308152677,-1.2341919376862696,-1.7145072911634696,-1.0402048650479627,-0.6898920560176784,1.0399111640475827,1.1495262626873715,-1.9253203068954512,-0.5412451392918616,0.6977893970404843,-0.10535312443122463,1.5045584658174267,0.6735009421313022,-0.26768510428881515,-0.17866937112907727,-0.05678983260484654,-0.8459573967609407,0.9392141356494985,0.7424288177415515,1
0.45427076765243013,0.24257468935699567,-1.018197779033013,0.5041931991417489,0.12910247266475125,2.002269094974413,-1.2932910979146213,-0.7232953878892984,-1.5866445571171657,-0.21801979176706926,-1.740899367995493,1.1855016361685766,1.0922373088701676,-0.15963197839064333,-1.013721788230369,-1.5241025485592599,-0.7038646146404067,0.6253713723408305,-0.7870526899898684,1.9085761760067192,1.49069543989815,0.0008239434044365071,-0.46186825520188357,-0.5691958997464516,1.5983767605260095,-0.6566953315572904,0.9343689527333606,0.021792213068303777,0.7135622139241762,-0.8203972915687643,0
-0.33291859552172826,-0.024182519703662062,-0.6313666176705683,1.2492241693744977,-0.76430812966604,-0.577032141610197,1.3587000236279756,1.164927236795503,1.58797877232563,-1.9082731640775343,0.20072274904185342,0.09028132463110565,-0.5617328844458523,0.3244593898571548,-0.3214417303508001,0.1619922684028448,3.401875562209925,0.3171307641284577,0.3591315981028854,0.8212193350158412,0.18064453099631766,-1.0980326761600783,-1.6467117291432722,-0.029291062701908413,-0.26911102837327844,-1.963602082781672,1.6293927516227862,0.10700304336551121,1.4394363546644235,-2.2318622840921623,0
1.4584870557557261,-0.48520507995040346,1.2591578818500768,0.2148684738096505,0.45325655191969444,0.45451704027829515,-0.4251376981115221,-0.6465147368694545,-0.3611601894940772,-1.4719092082993568,-0.48071030369341256,-0.6967914537436412,-1.495905352669589,0.45866627571927404,0.007717431932776087,0.24604232331714737,0.6974507914617836,-0.23786005722139408,-0.9387164132901074,0.30394202330746406,-2.9221966090408467,-0.10809509148721107,0.7651686233727968,1.0469252624096224,-0.5294432228770973,-2.2413872317092896,-2.6332658600253342,0.6380521068863728,-0.35398306310654143,2.017299075303291,1
-1.4111036349154973,0.34233590332526914,1.6623516352625511,0.2064619297772781,-1.5919351916911986,2.7726112831056184,1.5805874570461844,-0.2272460158917491,0.8189540775509621,0.8296611600689694,0.6417710848659584,-1.3817447747016156,0.3241576211196536,1.4607157015924095,0.5045272157507459,0.3971510023075611,-0.5368243691484346,-0.9039786705133979,-1.5725173863294912,0.7574645979277007,-0.2208843335813096,-1.341379611546068,0.9764086665071289,-0.586911079533224,-0.8578649002415238,-0.4962480137102755,-0.1930892598397064,0.4580220705148638,-0.8753135909893102,1.0103738754932081,1
0.48422958839585467,-0.5146627459590914,-0.1597898105732014,-0.4226309440919011,0.06586472883569608,1.519873966437896,-0.43293631854246967,0.1894658217928861,-0.6985827723146024,0.5319550442029972,0.27640665351736304,1.3296177886761589,-0.8291902856637258,0.6905753209497913,1.2640835523684497,-0.43761773574833374,-0.12695359913496748,0.1907381334145713,-0.23657866734445712,0.17731919608175545,0.6734362294118096,-0.11397606542572955,-0.12179879680776232,0.2666617921097465,-0.3991684022359678,-0.349713262234294,-0.8988602879961305,-0.04214145257696848,0.44774985312145577,-0.26913733956999786,0
-0.773511049000758,-0.09621668128166411,0.39708784353595983,0.12796929039859078,2.2295499723722787,-0.6564159103736079,-0.15031689835994166,0.7792974653425293,-0.6946798508770216,1.9282188775333484,0.00461607026025236,0.5611437877711567,0.019013635735873655,1.0186379447688925,-1.0628444993481119,1.571847527697836,0.2317188049735523,0.6584588768809458,-0.7383753192298868,0.3372430137475276,-0.9679899618118405,1.1756444306427223,-1.2898084181248786,0.15417341781887925,-0.38842611515448733,-1.5626278875219894,-0.9353587301463556,0.4495937267844734,-0.8965569977442499,-0.6691705651441884,0
0.37334457284023786,0.9148415162344212,0.6607765209973608,-0.04657702407304274,0.2176390641190103,0.11874575042916895,-1.0363559765470953,0.27943909071367024,-1.0452595479891897,0.6142761413413215,0.13513564044673346,-2.1642000682069678,0.9791171774462315,-0.5220317438477535,-0.6048040003327413,0.9559035422707072,-0.163261981599961,0.5974121727795518,-0.6533556460669687,0.8036692496366378,0.1972003597071161,0.4049166611510962,-0.17852361797901883,1.6297699338428921,1.870443207327375,-2.203717213588141,0.9263557417083659,-1.0797406403173953,0.5096768435010928,-1.7776760806473844,0
0.4032382214992748,-0.8362375405988187,-0.4588210484474535,-0.43209417461126465,-0.7345507205316113,-0.7074085019810824,-0.39801415841928245,-0.15393119008422856,0.32313187141112687,1.8607090960530799,-0.9468758715725644,0.1267086884715438,0.7726524235266179,-0.7088919523582494,-2.257269998823912,-1.909277914971325,-2.2204896726647982,1.5401168846916007,0.6141552906334307,0.755975360830629,0.9814080722964911,-0.5754707068691478,2.303044698086693,0.3354665930776775,-0.07277251686009853,1.1100018145971209,0.6672998731802249,1.3350459298048407,1.3938332446988326,-0.35324654292745533,1
0.1870248209036594,-0.9091953667840904,-1.6282821718814546,0.8367972180946409,0.9570358639551602,-1.9822399399113102,-0.7172080630738087,0.0560833975868275,0.15138774180092823,2.0450009110814196,-0.6269381175446131,-0.17130647527315612,0.6498573741136284,-0.350203091907874,-0.5049761304878643,-0.5870599097931797,0.23298025495590827,-0.17569044288901012,0.6824799707485644,0.35745814027230144,-2.915389804481916,-1.7515265743612687,-0.5007627150360905,0.9800025893061792,-0.651678440113482,0.37459115155721917,0.5984957357286139,0.5402662582784523,-0.5474242799271158,-1.148087509294043,0
-1.3122243861015703,2.9709352037276755,0.4554262971974579,1.8405829103452236,-0.8331102618088251,1.2483184433557513,-0.47681068674531824,-0.02894844278536387,-0.2863637861139931,-0.879436050756387,-0.8642356827447326,-0.03910730261128754,-0.5870798030324644,0.12672023234222515,-0.8378293121514563,0.7074608876884957,-0.4599634180320682,1.6369338608787378,-0.05062491968116693,-0.10218138422989964,1.6035350746083237,-0.4952797846653775,-0.406905815835162,-0.7009737980981813,0.20443370994279317,-0.7351803221074122,0.7766650174046695,-0.04657854635140009,0.8388904759274616,0.7261849601874505,1
-0.5124826515561975,-0.7369733499605787,-0.3283602260761153,0.008868172637017174,0.33402201044028934,0.44513133365456464,-0.03192688612730097,-0.6811794077339195,-0.5866240023976257,0.5183537121634308,-0.6501834446928768,0.560234485273779,0.5929605220461355,1.5339165893185778,-0.4808537552959207,-0.3251540280195679,-2.312697461853295,-0.9430728750427352,-0.9561290229166377,0.5056716944342423,1.8073789026460552,0.5807579839756919,0.9907919301595199,-0.7113302039700827,-1.1979746298120537,-0.24202144111293653,-0.6237542417424811,-0.8610905039149233,0.21826067923215703,-1.1859203190813077,1
0.8264806848326617,-0.3994411356708754,-0.04523846345538226,0.09978630808852962,-0.46671449504811613,1.2655488236068289,-1.6057808133078264,1.2833349961088085,-0.34705401109036726,0.9207474469776205,0.20124094126030537,0.8504967536789582,-0.11841192238273791,0.23843602452533633,1.0979047571667402,0.09584888401692072,1.330078208380714,0.3521967366878146,-0.7327199693227181,-0.3548111108037923,0.8881075723061893,-1.2397805412930212,0.7928800194669187,-0.3657684181663989,-1.289719305642778,0.2072562318019896,-0.700190316516467,-0.5716246700699371,-0.6257361994142051,0.114893197367735,1
-0.3899664755242815,0.39094871127476954,1.0124204522399554,0.5416880031673664,1.8053080564662305,2.051348550253969,-0.29025626047783804,-1.1526208745614352,-0.2891322660228032,0.11835406746919748,2.225771172415349,-0.3748025018588783,0.2779303704666441,-0.6811612169665737,-0.3466742906400417,-1.2143861514189596,-1.4627324026330293,1.3609306661437914,1.0661970143826625,-0.3696020320607774,1.0633825569080215,-1.3069063044896543,-0.17336321057784806,0.17426251261010192,1.2660542341170993,0.19754073435902963,0.5447508943195698,-0.46996076823290633,0.2639580239476008,1.26436007965543,1
-1.616509785768688,1.136074630595519,-0.20997100935019117,-1.4059532088476219,-0.267131294220717,1.290081157043634,-0.48233498346885506,0.29933971563876866,-1.6131859819487837,-1.8256662667115886,-1.0767390196833326,1.0128080096704857,-0.05083131778477398,1.0996962118804638,1.1581136585376606,-0.758151544748751,1.5670010163427355,-0.5443795893481869,1.0003622176754838,0.9594915023854593,0.06503451541399258,0.06666270973599647,0.3204606939685967,0.11543736443955427,-0.39013702849452164,-0.47590104649666237,-0.38214080777505954,1.2182164112153675,-1.588340046284596,-0.49684175483182846,1
-0.3259408008332066,-0.22809823585606126,0.2967750189178912,-1.3482494582244817,1.0253160630177611,0.8869538083545248,0.6743339442765224,-0.20755858859075807,-0.7383520046578884,-0.32520159220295725,0.06086510931837263,0.666185766150084,-0.08131120535795347,0.36045261340312507,-0.43390876091236813,0.2863258561450218,-0.24919993574831256,0.2679515478687434,-1.766941368653625,0.48710437336117896,0.5400031129421958,0.5289624702758279,-0.9874425108340076,-0.7101307150573315,-0.8685886104300619,0.32998064033366276,0.6582249160972642,-0.6965628707267121,1.3156127329295502,1.3023867662873105,1
0.13795882127169645,0.37088593898718264,-1.6795504828522196,-0.5290398136748117,-1.2523595083210894,-0.909986374180291,0.514518844122076,0.7560574036680082,0.7978578646219977,0.24169146726205623,0.5233745279224273,-1.5891334675228708,-1.2895320754776156,-0.20921734537697687,0.597486245344554,-0.4472638052515313,-1.3607834733201392,-0.6917626899891313,-0.9334851116617301,-1.724488668316241,2.224392631147198,1.232871542564588,-1.9756591397371333,-1.922051403445587,-0.8059890929456427,-1.489333617950285,2.382618723656168,-0.8023198840027553,0.3615403399309268,-0.5057960070312287,1
-1.167184416003872,1.0473471869423954,0.6548305749108781,-0.059568367182019515,2.381934731097994,0.23505509890864115,-0.4564687513048482,1.9152730772836726,0.40387582536570305,1.6279196354479482,-0.0390885879258319,-3.014441105453871,-1.5587539359346088,1.0827105335315388,-0.5890629558189012,0.2533251176026255,1.1338473986907467,0.1794847517437893,-0.8594007902598229,-0.011086706855674061,0.10693190288824854,-0.40815556793484614,-1.3849781367554532,-0.35548231033477723,-0.09281404952620229,-1.443181620062757,-0.9180912389954188,-0.7168507128636109,-1.8603618486518825,0.12823567131479907,1
0.23695680166886934,-0.5443259765026652,-1.3686153510813006,0.4069865455455692,0.5460797536805502,0.09858233713126703,0.04156161724209905,0.5939434942883154,-0.09546866731292573,-0.9177580421966668,-0.07028400666843887,-0.3920519438025508,-0.07031539571283059,0.8842663082157606,-1.2020784485454163,0.17747447501855362,-1.2525854485422963,-0.9181806771924579,1.5738376346537932,0.4573064542739106,0.16094119714280872,-1.6584718764013866,-0.23574026772537868,-2.0727908991177424,0.037252722225978044,-1.2469636989162949,0.5578437435593815,0.1613039155519392,-1.2160927038964155,0.38159317645447255,0
2.0933882642389867,-0.20272543734442497,0.8803029522859216,-2.1029864392378887,0.46769594451281354,-0.5692726909316239,-0.26901482321168574,0.5951144978871618,-0.24348163763884317,-1.6174380541022146,1.5272203593187017,-1.450200317668216,-0.8395351905780726,0.1281185640359642,0.13743352144681184,0.42797246669952993,0.13326867385776017,1.148419829516028,0.49029856113644094,-1.1857002617465873,-2.598089585476415,0.15108780665681992,1.4661428304729545,-1.2523729125196537,-1.0499492176608733,0.35485555526165014,0.4829932575362711,1.1222846841578658,1.6411102632323438,0.2360847949409498,0
-0.9267008547951924,-0.8961165044821621,-0.5436275066766054,1.031208551235426,-0.5000837347680399,0.9615773133539443,-1.5248339550585512,0.2871607165209713,-0.7510919626762353,0.5221091270653264,-0.25627426518124596,0.7975307971646342,-0.4349138283993483,-0.025973150557871805,0.8080815621877159,-0.10189165886860281,0.05831052859519422,0.7604750915407005,-0.0767527747776156,-1.5848115287887665,-0.5710403580703974,-1.9234504664058547,-0.249941882733053,0.47131255499150193,0.12459833629500357,1.3946571222200346,1.2826682619841665,0.25673555412471893,-2.3921809918174266,0.6713449331890387,1
-0.7717055765342025,0.8812283921962963,0.31265032694813394,0.656083648473684,0.5016693764818002,2.3901809160827643,0.5211832433096111,-1.280139782781286,1.0713124433836763,-0.4304429575085981,1.3451930203241755,1.5428850533975873,0.6218454988534436,-1.277633419298381,-0.46031887140361755,1.3407515169835804,1.9990025873743087,0.061926134493785444,-0.2747994154920412,-1.1801274416361194,-1.1670493381048213,0.2327821378223684,0.700748152272277,-1.4873549844647693,0.8293369394859074,1.372277333056978,0.6305902078741017,1.6528618332941503,0.3554698248129295,0.3653667695589636,1
0.3462628381028867,1.3594230674625511,0.5376394492498282,-0.5297537353770001,0.423431697925523,0.4334474429728983,-0.21233396749020575,1.0225832568605218,0.09148589628005713,0.7052870190137283,0.5097602776814858,-0.7257736716412505,-0.9795500983180155,-0.7152634937636895,-0.08115809140679006,1.591527036887841,-0.047411758641334234,0.37375465392145796,0.8730157752137113,-0.3588530665503489,-0.414672231913746,1.0515791195230937,0.5681702667613743,-0.5639888514603645,-0.41234560472102777,0.08531670517727986,0.3296208556116863,1.2439777130309404,0.5319950112412909,-0.9835065165056517,1
-0.7862785476873769,0.30972252014688056,0.14278097824602354,-0.8439719629952781,1.0528970575994616,-2.247931530637039,0.33562413937824653,-1.5469604616559653,0.8806984567877918,-0.2649900280284298,0.7477265915918042,-0.39099419721948014,1.3257435748192146,-1.865800041830473,0.8794896513035912,-0.6078482658746572,0.3750999318828913,0.41708992611961937,-1.3924212017917559,0.9974149973981123,0.39370247429797434,0.11694105715325688,0.38517815455394155,0.12523153464394382,0.834678944575195,-0.4714221870461783,0.8361837317324204,0.5722977855302412,-0.17201766139413635,1.8462445239124798,0
0.45160163580287416,0.19500007684162918,0.5739608176229343,-0.10476728890914815,1.2011004914630057,-0.021357589698041867,0.8194282810919908,-1.0682800068811285,-1.7958203990814046,0.4026335287988202,-0.38380649416990137,-0.1926629982515042,-2.3414033826804426,1.7006255387482647,0.10455698194540022,1.3345745278902135,-1.392579025186814,0.09864893451358696,0.407519389150024,0.13396712005542313,0.23349771015235823,-1.3899150335964108,0.3170114509096546,-0.8426803621779918,-0.6177144770046668,0.016507761559644955,-0.35191179023213165,-0.2944180849016067,1.1239757958555912,-0.15604987664282455,1
-0.39689505601272984,-0.12302076516654915,-1.1114875825750823,0.16256230994680726,0.7218405280029753,0.31398367415146355,0.036656813638506605,0.6014774466705344,-0.5541123082999597,0.03924780645407079,1.398308055556148,-0.294075745069688,0.6078860583610937,0.6328985339153258,-0.7576777896986375,0.6879416563003562,-0.606848262392648,0.42906289032760725,-0.6229604863858427,0.28106029707118024,0.12922382942979563,0.11193815650797684,0.2719611878996692,-0.5306553195568983,-1.1663490378448917,0.08160646531618061,1.1027932894197592,0.5832439363506844,0.44724768366993456,-0.510886945341006,1
0.18649121229372037,-0.8304957308391228,-0.42358787802073294,0.3570986040738056,-1.8166633322509549,1.7295397743481464,-1.3341702906874402,1.8887153086218647,-0.838902732839321,-0.8487813353746797,-0.3976001022701685,-0.43942313661580024,-0.6050113197543424,-0.3705696285875467,0.09171514155619204,-0.8974202442241663,0.8407138987258029,1.4122184348128712,-1.9447065667146852,1.8553877335959446,0.7725398094025062,0.2575606715326236,-0.574231527117008,0.1666162386199901,0.8974530149127538,2.6099136076708582,2.1919335892961187,-1.5286195421011344,-0.20782101118965798,0.0775242781059759,0
1.343555605863543,-0.0838551360270503,-0.7552491569397379,0.05378890586797509,-0.385334870063204,0.9865135821280583,2.3875916983028267,0.9105590258674797,0.9508526155873513,1.2355882652105776,0.4545406988430259,-0.3987433184428167,-0.30021821834837165,1.0960025156241355,0.2889375492017564,-0.9822768566977856,1.3091220422528989,-0.7741152821283407,-1.1273818829288178,-0.8768953794278115,0.30638633885954475,0.9727241716283702,0.2547002953451483,-0.5568571250719805,-0.807925753112955,0.7711205862750051,-0.09270887334287482,0.3410043665932117,-0.14027061709724092,0.29944105303389584,0
0.3902479282026958,2.425374576346179,0.40248783938991894,-0.3873894791622868,0.17561269706789323,-0.9496335807409376,-0.9584266711370694,1.2496768523779351,0.3041602949433496,1.1190085084884076,-1.6249160092917472,-0.975528607134951,0.2982281255371941,-0.8243596529143501,-1.4239728676191057,-1.0789107635292554,-0.3211638376553583,0.41310199277097925,1.7151589994906973,-1.0525927251436829,-1.0008986070284784,-1.4509379662856727,0.5731145555407422,0.12480989471108558,-0.9648330692996826,-0.8308227355654852,-0.12392868880639053,-0.06735819626094565,-1.039680295460185,0.17718777857668064,1
-1.376256952439591,0.04901304023127774,-0.17757723572505893,0.4011091347203565,1.211279156440449,-0.37067648084646343,0.000399027068311705,-1.980680325395959,1.971720866038966,-1.860592946594509,-0.08286875513603394,-2.548601540120539,-0.8256600971205504,1.7354476931188003,1.1447097906486272,0.9850117975593146,-0.1927523063232778,1.6509285861131935,0.2573606631922023,0.6898432895702572,2.6469092800721143,1.090322208380781,-0.06545790528931525,0.5104288753678284,1.4041343052039565,0.6224711449792778,0.7830625817521152,1.2879346324028553,2.5301392105942573,-0.9348049011227014,0
0.7020793809377954,0.45958683411409557,-0.38569156427164064,-0.647382371404802,1.6520544563794315,-1.0222405470918283,-1.4090480394661167,-0.562985716286495,-1.7819018811705434,-0.8458817915982964,-1.0525564698887444,0.08604625049098251,1.4454834405667152,-0.5892581321797994,0.8651015621637137,0.7512626194558735,-2.2204714416847176,-0.5519221295534523,-0.37601219329576036,0.3814577598459114,0.5700656562386712,0.33082668324856607,-0.894993026808254,-0.6333200546781449,-1.5032425277970862,0.06638540144475191,-0.3671855582770894,0.5326676368060894,0.6968797220834915,-0.33377151009778333,0
0.28209867413874257,-0.21581912220688246,-1.1134877700866899,-0.8001622910446848,-2.268902937952028,-0.39574538909351475,-0.5935440500924578,-1.0951367653816648,0.8191790519640577,0.5262810346984442,0.5537474091483251,0.6916242358233948,-0.001792215951965277,-0.012076494228804774,0.8302081488945307,0.6672730171848031,1.0274156392003537,-0.04360797279083437,-0.9863796644939833,0.23710321724074412,-0.5782525761987584,0.653535588575478,0.28780042598970873,0.05144099657955058,-0.3920266818844824,1.000676427539577,0.9239001668369301,-0.5604884807215009,-1.2283829403395194,0.17944538949374675,1
1.1859025299977168,-1.2617888126752372,0.4703622064468958,-0.8209745680623256,-1.016904231434359,0.9311845218433306,0.6503416630300003,-0.15229042665126608,0.7894998470034116,0.6835196770941094,-1.4862479426691975,0.08427141814476005,1.4128052547382457,0.4738140394623799,-2.615778322614017,-1.0706492042490674,0.9957739687929634,-0.5571650925178967,1.1213391406617985,2.0461024836345074,-0.23794781432375114,-0.6178395336553639,-1.0061515837394854,0.758243369180457,-0.6026800805975541,-0.40223653658552544,-1.1085712116504125,-0.43256451023214787,-0.7067161872280899,-1.9819832641040707,0
-0.8386753053522433,0.7461896239780385,1.3489956526924056,-0.10666975326603993,0.03369516500549884,0.28598246278025374,1.9626108331343044,-1.0098503789946192,-1.262142690752995,-0.051594853343947374,0.394209415168112,-0.03336733965825367,-1.3645417463909137,0.884807447917132,-0.13813787369478955,0.5543772660574198,1.5527916499984238,-1.4632877572247276,-1.7183597184725181,0.5655645964470789,-2.034477451249103,-0.39987788555974757,-0.5712968294014852,0.35985231541321944,-0.6661083364858977,0.49196617900165734,-1.0669891903357478,-1.2420791861399234,0.019282945360755064,0.10528147659386206,1
0.2952070903861655,1.4795765369904748,1.2806099760825886,0.4516171990459631,0.8093932288309282,0.26213904279359296,1.1795023683772616,0.3638825835156063,-0.5522424861725688,-0.7524650433921188,1.150981263088819,-0.18308525786875768,1.9167972038335306,-1.104440021493388,1.251439877344758,-0.42648616433519426,0.4072658247182721,-1.3017308607924163,-1.838494840492856,1.4799856409588026,-0.43868430518242657,0.9853712067196322,-0.6564453269337757,0.98672819747856,-0.4286232235346904,-1.2104777694192803,0.6464848909504225,0.9446005210623467,0.6404319058797806,-0.14475291903269286,0
-1.7488570471628306,-1.068946912191049,-0.7020105078429352,-0.2582614076212631,1.130799132231126,-0.11736454750383611,-2.106623405912971,-2.590924463059685,-0.6947558551403238,-0.5133242470790619,0.35564764413583033,-1.45249736377581,-1.3826747046791545,0.45358999362637137,1.3342061072926286,-1.963537902275678,-0.7689390407637191,1.1112396321422435,0.9330758289028058,-0.9256914526049214,1.1598780856903912,0.04490704200089535,0.6600514332133111,-0.7040335340775893,0.29241660468579744,-1.1658082271317143,-0.5473466359945474,-0.2968781083124661,0.140127241201643,2.406530139628101,0
2.559859742537153,-0.38790502628609164,1.4795992060195728,-1.1091525895285173,0.3992771260817059,-0.6856521232138905,-0.45096325297250944,2.660759550945195,-0.38698335292516955,-0.6498421919665505,-1.0003206976971222,-0.7692667300081335,-1.4217794280161404,0.22285132356001333,0.20486750045230762,0.33771725314478496,-0.011426214878492167,-0.5673794917331795,-0.6568447013207643,0.15900365492296212,-0.0515145120868334,-0.6357662132066624,-0.28659912769160206,1.5394487651505016,1.9701725983514387,-0.22023127776037238,-0.7337784315931773,-0.04309949411109075,1.1358817032136646,-0.04367218258440575,0
0.35509045928257543,-0.6575337108254838,-1.1666898055563077,0.7615535310712026,0.1948446623693797,0.6558358607636762,-1.710793157675394,1.8326429084687552,0.2522802193740027,-1.8072322426605474,0.9869080458346351,-0.3733887359880377,0.030507929758371563,-0.47772255315583134,-0.0978962682866198,-0.04752023970195938,-1.670070313001123,0.8657621791022719,0.11286838575471958,0.4461895118397861,0.8159509509216093,0.12085953613342208,0.3310935820855623,-1.4704223413835176,-0.8303728667467025,0.0850125612169224,0.18570474454455693,0.4007074664329605,1.4060461929644716,-0.09420893015058297,0
0.3628930688694611,0.05899084216930142,-0.24972068579742096,-0.2108315798926722,-0.7842855922177057,-0.11701038284965008,-0.21887911306566438,-0.15169109613084564,-1.741901750623489,-0.09894121023881156,-0.8770534254267818,-0.06185213429135381,-1.0947696454844746,0.04992688671807618,-0.2969678541198594,-0.6262814146291775,0.2893371237316332,0.37547604654416755,-0.04930953328585963,0.5687881632665528,-0.41329698795141373,0.3999520610248129,-0.04222376900806581,-0.9993316528885958,-0.8013522813469452,1.1654017746671892,1.576339121165457,0.7132537137226365,-0.5831885868230609,1.4277235047826202,1
0.6125490017105989,0.3356466338526196,1.8423095896527513,-0.8599754800497419,0.7729859093999956,-0.8146008572260839,-0.6066299671712059,2.602061583522535,0.502363502483159,1.8491872621459167,0.5435807642892118,0.40241989458628113,-0.626097650603824,0.9777422591396542,0.02531009824076072,0.08047630850188264,-0.26112768179204127,-0.10077801160298076,0.02492824447855376,0.12288130607284213,-0.05071901904928191,-1.5568477902858167,0.5419419850930224,-0.12302036272317962,-3.317318321288845,-1.587884807716327,-0.47345623708689727,1.278596293319679,0.6077154630593281,-0.6871512087075548,1
-0.19069955934892352,1.1045431757992894,-0.6163327207082635,-1.0859554612972313,0.8805485624351124,1.1160687151430708,-0.6048964061132128,0.4876128007552759,-0.040599898529973005,-0.5906670746703828,1.168732271342323,-0.6639703271419042,0.7560032022570304,0.06807628650122563,-0.17249661880780626,-0.5552259083783636,-0.9866152677147475,-0.24990224253216053,-0.5124180734375272,0.09251645114480084,-1.1974502095436572,-0.15167494981871596,0.40596293894592056,-0.6732739984790433,0.7409824340741481,0.8495651345599076,-1.2071494513843535,-0.7584057023789246,-1.340428337904404,0.42307944386967294,1
0.12787802417686275,-1.6011270227460448,-0.65204524673319,0.3083218385149384,0.11295196838526499,1.210153713537796,-1.1519195654184076,-0.008896768364370401,-1.001759986461175,0.11015351750750368,-0.18105387735330708,0.2717579068957081,-0.4091520550343232,0.7623277769347435,-0.7146800889273851,-1.015271947479007,0.22522498990580525,1.8538698444663384,-1.5213213820491724,-1.144552416679256,0.23155362397810614,1.1272250905510404,0.30643445103866196,-0.6079967064851707,0.42029549406825484,0.5163320184727407,-0.6801896518138469,0.8248455453963723,-0.034516743708996614,-1.7496972655313126,1
-0.13483018391093246,-0.5690627578667465,1.3048918780469803,-1.3289512723236085,-0.48312340890523786,0.2572067956866337,2.4190382709280516,1.9549244586321375,-0.04523751437991867,0.3492926815833944,0.6019848543775981,-1.0124354912854734,0.01014238619596498,1.3562175598836297,0.14161342269334637,1.9498047974870696,-0.4456386733701549,-0.08865247916781502,-0.08070147986938357,-1.301343987861506,1.1059712530470873,-0.3337469823883019,0.25811586433551864,-0.598376234059689,1.7251633222530012,1.2326559839500912,0.058350960451395505,-1.224194116677411,0.7439519130567581,1.0829756958641057,0
-0.9273139661143173,-0.14339401881883787,0.07684746612170942,1.086977491259521,-0.15134481674932523,0.9620431221530245,-0.7728963000160034,-1.055427784777432,1.831521141573898,-1.312441999560421,-0.7512336696830125,0.7849529239195555,-0.5306532172529729,-0.5573104426125197,-0.1975217052741097,-2.1559747782914633,1.1205984632596182,0.17588425763263535,-0.8114404912142696,-1.7163035188134086,-1.3653567809106764,-1.5943028224964335,0.22726063747526257,0.2372420656059193,0.6121587016964369,0.7325869375516079,0.6281638804783892,1.5378426661583755,1.1952414579113775,0.9583941484353367,1
0.23677959672634713,0.7207388433130292,-0.4106051785455348,-0.22099927599596839,1.7214147746166446,-0.557115048212872,-0.6307188800786202,-0.3620726903479182,-0.5493054895716251,-0.4645479242969383,0.24229843816604787,0.27503297056929366,0.9110925256511903,2.1880772155769255,-0.3683403241997452,-0.06556207813641915,-1.837949169824921,-1.2923075912909932,-0.14621117684809196,0.4635823135240918,0.49138277624382937,0.6170802261915844,1.2574666073228364,1.7056878108667406,-0.2433964090102318,-0.8021261290822116,0.654887759813992,0.9338238955856327,0.1358315818215534,-0.1789955348107367,0
-0.5041661561554049,-0.04223544414003226,0.6900683837835269,-0.6682619190670835,-0.8009548054766267,0.5995931989011895,-0.8480446947110984,0.15116375337116272,0.09821188269098896,0.00041076337592419425,-0.6426580924573356,1.733905949596211,0.3983309883529638,-0.5144073453514562,0.330936915139814,1.8322250864519685,0.08951275776501157,1.5333518852479915,-1.1477539358938729,-0.8511491676602827,-2.140400558169015,1.975763657226813,-1.7018564637134546,0.17420347551279847,1.737638298245112,0.9711631316600423,0.37629266465656896,1.2831236236556793,-0.6683877689046431,0.5176860125043471,1
-0.11264796961916296,-0.13324592127528986,0.19058838762622118,1.1753204865314082,1.5665397158975822,-0.26701487016988673,-1.0886923481372648,-0.8195799335745708,1.947794859997333,1.4807764473607516,-1.091280994158005,1.6610091258336477,-0.7116591925821982,0.664605260857608,-0.7124078000789874,2.1628700027563794,-0.5701409220684917,-1.0498099576549422,-0.4565244685844638,2.626877290594414,0.2605543996522378,-1.0282148403888978,-0.788380667286805,-1.7476794680289056,0.5401323582297275,-1.2505428812518085,1.1056586981252625,0.7900855646183761,-0.10001901016469628,1.2361211972804325,0
0.9255893970236804,0.1569105230599615,-0.7681491642921802,0.413534003163406,0.4076981816545535,0.4914549299608989,0.07903241115826644,0.32715418494883575,0.30214981540359004,1.3620911644077955,-1.2741003033781069,-1.0015884702399978,0.07513000025036294,-0.7599883568973158,0.2108726639775009,-1.1131548525778134,-0.9553802365426406,2.0604959916431262,-0.22933261793195178,-1.1712416639921541,-0.11482272278007202,1.0364209640593551,1.2055305020585148,-1.4610716087776288,-0.767043293021414,0.22270683445238185,-0.03397418888780877,-1.6000062377475703,-1.4379900029479193,-1.0676032204087704,0
-1.7708877462340609,-0.4584711143809583,1.194496702448913,-0.6658432344543863,1.0822556104197771,0.029696584074713858,-0.183382106844894,-1.665739537365632,1.1698170175670375,0.11642736082449288,-1.5998926656749861,0.3818546308281153,-0.5878353887851654,0.06132153306545479,0.24013415366969665,1.2157356840420463,-1.1272786647516897,0.5718821500549203,1.3282974411150843,2.5204867714676946,1.049559952072263,0.3614064611719362,0.275021818797201,1.552101669509789,-0.2864369924253293,0.7959025461513024,2.194102660639664,-0.10937447365729866,-2.013952216973439,-0.8608133858049897,1
0.29344540924312584,-0.8369504380168767,-0.34721397677970867,-0.2950458453904712,0.5609493032534699,-0.9459658505158027,-0.5837646953531667,1.407047189700894,-0.48196209120740796,0.7257855293143489,0.013938100545515602,-0.02311774904846404,0.7381415664370123,-1.8624622649584208,0.4433444078844854,0.5527623360908271,0.8484436035509693,-0.37547073910902684,0.0005256308357240357,-2.452530608723595,-0.6698412969634687,0.17558530047903292,1.4706614734541448,1.8457789132615745,-0.3424478988994969,0.8740315928632763,-0.1472066981368178,-1.615958608866614,0.6050552797729224,1.8312852463674472,1
-0.38143702020707737,-0.907256903541679,0.06736885161786316,-0.12279156331093977,2.6100418699785113,1.0058621207158713,0.1293900976842219,-2.8953297337688544,-0.14329849050932103,1.8522266297139711,0.0800475104117618,0.8218494602328846,0.39195932995931826,-0.48666205924389605,1.6913157238906154,0.18890591957264719,-0.7068702784506735,0.021525044289525126,1.4275466659917706,-1.4794516235841793,0.27026625664848614,0.07363476165278673,-1.54010872317444,0.7667677909552582,0.2564517151751952,0.8785280433803054,1.138078240123472,-0.05556004076264372,-0.5556037218256447,-1.4245294462448346,1
-0.6443384632868981,0.010947875262480792,-0.9635768161816228,0.5834519319014164,-0.9034258229992385,-1.7628193377410541,-0.5779353327061693,0.18422801556809412,-1.2594452371042797,-0.8882621438105535,-0.6301727673142501,-0.4988781493930993,0.29788221272172855,0.6378988810094501,-0.4744310544091677,-1.0389384319634791,0.13673571155721742,0.5177245995477566,1.6137738879407875,1.1461712407458462,-1.2588477883501268,-0.1409918102613785,0.4561616624655214,-0.8501924246007927,-0.35070391524898453,0.6739592631722365,0.24997140259342493,0.0017284228485352907,-0.6535492156483845,-1.4456033226108425,0
-0.31243507447556973,-0.09122667560909076,-1.4684275950188426,0.04797091113855557,0.3920441416270407,-0.6919917529509858,0.4034448674475616,0.27570589064706885,-0.3045317487842753,-0.4159708836219764,-0.332196364803408,-0.8562002602160691,0.3446430031583618,-0.8452720067461029,-0.7810808541074029,0.49726552754111436,-0.24207087959725954,0.06169678799855951,-1.7116148591433982,-0.5233034891963917,1.6807701311668382,-1.7808082201469155,1.749628658758184,0.261213778783425,-0.5329870332563811,-0.20442093689653487,1.23051345127412,-2.277494770744044,1.4154288282374374,0.26564397980002724,0
1.0122430499150696,-1.7483228326730074,-0.2274660846804011,-2.328351568774361,1.197583230371392,-0.9827087857430098,-0.9974042332647827,-1.9344294343315707,0.4443694460517065,0.07189042583560785,-0.7478702891568625,0.26310323307282846,-0.7799322532264683,-1.7592881004273662,-0.36379801111776416,1.6447184116639788,0.9716663645045116,0.4553714484617397,0.2440246896115632,-0.3633308908853282,0.7359767184009849,0.5653237890158839,-0.08311358606759779,0.19908044497675903,-1.605860436855537,-0.4802972473021058,-1.1931065824682645,-1.2121790918638295,0.47027344686796213,-1.264609348589266,0
0.7680890502701639,1.0320004488167682,-0.06170433786624744,-0.6055161360685004,1.0310231389791216,0.552369285173602,1.1951796319108206,-1.081508913195092,-0.2603486174144151,-0.21856488568695184,0.20942466009020594,0.624886769541421,0.13783133009179638,1.3354026841055708,-0.374745114295249,-1.049010333926489,-0.6656685119500853,-0.7900771843793066,-0.4559250475750736,-0.26918928944223525,-0.2267766178265428,0.23192749714419483,-0.4610954347446471,1.0488010119075393,-1.9381951080485875,-2.2268569488815553,1.0013092712316265,0.9227325764490136,1.239023550437549,0.6367269809196804,1
0.002528291836206253,-0.25842861209101653,-1.6021350031256794,0.1476706096839491,-1.4367993823980694,2.466114474870728,-1.032048523246095,-0.07543307739533982,1.5064108791500326,-0.36602841242312945,-0.3592809288870527,-2.586784129563845,-1.309778814097226,0.561536970488119,1.672835142345993,-0.8911512042996973,0.19673988318080612,2.708453522118506,0.5668017425834753,0.9760748059292919,-0.7660742476857028,1.552373367183563,-0.6923107787822425,-0.8680049900031637,1.4793784099428962,-0.6369383655157521,-0.0036749394152499957,1.6261853889807225,-0.9141209510078523,-0.23680856612484233,1
-0.6102110546304553,-0.3287286159408466,0.0392419490237336,1.340097816244559,1.6422909332517277,0.15583974967954284,-0.7265826840906734,0.6780375962423159,0.005265198737493542,0.037897689047287235,-1.0318231640085909,-1.6170854346281178,-0.01891997697426398,-1.0694587564024127,-0.530267364841512,1.4826630850938105,-0.0701569587284586,1.1070924490726382,0.296142992748377,0.5838365855346236,-0.5500368641993464,1.1529114661876227,0.3108282652635242,-0.2644018599207055,0.31029992960186553,-0.7152424877538291,-0.29368211503907016,-0.0552714335516911,-0.5256888986924604,1.558720109918989,0
-0.4151829135430605,2.0825198141887395,0.06726715117880241,-0.23432960121011975,-0.5044278930706932,0.4224093060221115,0.8941929324374686,-2.5379363780710125,0.004883331484132131,-1.9880955458587632,0.9818256871812023,0.9996862343948505,0.04097377172690494,0.2083943670805079,-1.4297655516389902,-0.5472861634747569,-0.6121800621976892,-0.44900493348778375,0.8721741337044586,1.2817046637016662,0.6105742404026271,-0.32340650584985975,-0.7461633716668601,0.09052407961057403,0.2965222482159008,-0.22098240435120511,-0.6590660079979529,0.6152554923398379,0.7135242888743198,-1.311933688974088,0
-0.38373585769703483,0.7779016929471778,0.9885812131777671,0.06456681144573231,0.3653343155392233,0.2525381426746744,0.9543085960412565,-1.1092098205206329,0.2676054876641056,-0.888858549297547,1.0880809225346597,-1.0583469437718556,0.4084889699654987,-0.8835007192492477,0.7524241183376139,0.4392889603298624,0.23966322379558225,1.9609353726684755,-0.7025280580323823,0.9260707463709755,1.1720125348620647,0.9263575093978077,-0.6773488137151568,-0.23459780856533066,-0.6059637151709758,-0.2973001404772973,-0.8411700976298124,-0.36324291203918013,1.4676270013957555,-0.3192377596286614,0
0.10583689199114905,-0.7254315924488861,-0.014992424805578526,0.8266708117804293,0.4894490316016261,1.4182930341051323,-1.2098078344792922,-0.7563678170507129,-0.412900783275693,1.5249178386420368,0.2987853116391286,-1.4170608040783195,1.092236683879941,0.10959265881550809,0.8903201616494769,1.5835510236380306,-0.9775990608065129,1.583233396040166,-0.07420097110997845,-0.4139198833679409,0.15466327517836412,-1.1925006795863384,-0.019928336061564095,-0.24269190453871414,-0.9381512282772437,-0.6463916031781279,1.1381203005859863,-0.1776778144811391,-0.9807306680810138,0.44815935977694216,0
0.7666542635504155,-0.0020014644424819297,-1.2341266849420696,-2.546508406599777,-0.9008442886372946,1.0542583936075949,0.9628433958991285,-0.7960470455286486,-0.2359182308703682,0.6978027833306488,-0.1384529572560726,0.9363200617326396,-0.09722525720931736,0.4815976549444249,-0.3227771034168062,-0.7839257943722543,1.1656975107446048,-1.5019686001200943,-0.5996962127088742,-0.09434308314913915,0.858659599769826,-0.8788845745826991,0.12684406518575972,-1.3865194898966346,0.4403827220078624,1.8237137593863415,-1.959568491717651,-0.7273861281827033,0.8369356604361332,2.943647693574264,1
0.5880646009801145,-0.7294380565803931,-0.14857757786987397,-1.2268533903630294,0.8051318603817974,1.04610501714267,1.4062797102653606,-0.3300757278283123,-0.8075251603711041,1.49496601045519,1.3808225938978862,-0.9878742672673132,-0.37556489840700946,0.7895221788800806,-0.2522361280651991,0.03164441538926434,-1.4691039958510443,-1.122322020091877,-0.09143592190475797,-0.6987763006906388,-1.1480161732427454,-0.31414401161819555,-0.8775419893392404,0.02806827643834319,0.9924946555454424,-0.3012657958833452,-0.42608312871651743,1.0736982406670172,0.7335233648275544,0.7980073049569922,0
-2.5207075727112565,-0.4483052461246243,-0.5717399228893316,-0.8255838809839143,1.0535905838036528,-0.5434578653026896,-1.3903904078380613,0.246168095987866,-0.007614019940305676,-0.9224273338122289,1.017876692753074,0.5308826964650515,0.5276580472087559,0.48396640489711196,1.0895945663757725,-0.15540565396423778,-1.2415563483355574,-0.20722021538966717,-1.6556235880487475,-1.062057047376889,1.6190757808103071,-1.1005843427632995,-1.173949441309725,0.6696222271874155,0.8632117280574747,-1.6663107694916883,0.24878385582229023,-0.548393002960477,0.330577130038767,-0.30267319398948883,1
-1.3656026982208338,-0.48135739404399736,0.62578764133481,1.9437048246870174,0.3898494833881681,-0.39092590530085647,-1.1796475150277044,-0.15845179957848196,-0.3784432592291914,0.30577907221353795,-0.05962508441995635,0.47957970878795514,-0.3597053674738122,1.7091170975613472,0.5838218827014781,-0.7066944413204977,1.0011106838643749,-1.156010533852262,-0.8546805231201019,-0.800986645304626,1.3283793275385527,-0.17875181877307925,-0.6286861060576904,0.16410386103150199,0.5420680966836597,1.589181392175157,-1.4969917732762599,1.2633127861235334,-2.0673449901961813,0.9062862263735939,1
1.163281932005404,1.2150696452682175,0.5688380174644644,-1.0651028277516876,0.7470794776549865,-1.0675060953054312,-0.9386977787045745,-0.45626526924668015,-0.36615103795750603,0.24070322503221991,-0.6954005091224448,0.3296955453164093,-1.3723187256840055,0.03881352263600957,-0.27245725823898187,1.0138291255499905,1.1144716658908236,-0.16995884449130927,-1.959486788890815,-1.4742719809974325,1.1237441804331043,-0.14335669364224157,1.7491546627178678,0.8966929506084782,0.2551712270905587,0.1285497620078606,-1.1488904658197991,-0.6313139530882413,0.4162767891309831,-0.3450857593917615,0
0.46828042602456743,1.0292383746134686,-0.17965641154206774,-0.43154387336452604,-0.8963076458982249,0.8348859766738623,0.7535002865219251,2.1870790830925366,0.17685959127521075,-0.096638249340949,0.4673257161127035,-0.287955027678783,-0.8853156617285226,0.08878039221576642,0.4578116405917238,0.5240923213961355,0.444066526774419,1.0638889417910768,0.5205197966586848,0.27060057326448667,-1.2655860406647939,0.2458786758907308,-0.17085063773982745,-1.121614315985649,0.5008699932979648,0.5181971766885035,0.4254036467314854,0.5555949527594324,0.12391364879981782,-0.24672776834867277,1
1.7700427766068432,0.14823535628981982,-2.542581780419582,-2.4277105822125287,1.2049437284139632,-1.8339956650410492,-0.5443362061362105,-1.2158043467609192,-0.30257260678691555,0.3861099581723123,-0.6646566341810081,-0.8156080508041976,0.7292810161188183,2.631879947978774,0.5404251538550026,-0.914023295318691,0.8711381850617794,1.7441383933305399,1.0633429853010397,-1.5437121389511308,0.5284482531356784,-0.45903854631088153,0.0525160203495901,-0.37414861364865587,0.7427490308607594,-0.3529488939202525,1.4178320927354509,-0.0029704497145376166,-0.22347832280170563,0.5717742431334827,0
0.35720990175464534,0.6004177162015015,-0.13323670842355773,1.3344961142186185,0.9902640369280171,-0.012274900278862659,0.8226771572290122,-0.2630050557640776,0.5702672658956548,0.8253175771900032,0.2497164956739721,-0.8201304575678865,-1.1934365876593214,0.2934939606885758,-0.7238669585731913,1.0543248076737624,-1.5087643222929243,1.3172397286111135,0.050966004178556026,-0.8542773612082986,-0.4513436206915225,-0.20357600758912567,0.4830260805361538,-1.2252502134959562,-0.9590929063776931,-0.3242601384138312,-0.030727755842083013,0.7164944878925751,0.2692330649950114,-0.38948346097636594,1
0.2364503134976363,0.16548396185836195,-0.25173052949084906,0.11626236576336686,-2.151534683494195,0.9334848801515315,0.5479501910965923,1.497982175869968,-0.8109496812343365,0.571499967500953,-1.9049832470769437,-1.765630959710782,-0.23694790092909956,-0.5786666836266698,1.0473397765652053,1.1783439937527915,1.283631793503312,0.5978910991187497,0.6410094770282845,-1.2816983503160406,1.3997018978687406,1.2518921361203785,-1.379940518848357,0.46804708470848677,-0.5467139088255513,1.8496152391288954,-0.9750123113969626,0.09259148652712614,0.18596912447273903,-0.05335499321951763,0
2.1483557557329584,1.6910531332380374,-1.6376026345920927,0.48712408506625887,-0.011350013296091406,0.8342919821936877,0.21289602758184567,-0.8126073768191562,-1.0374944069814698,-0.40190659620475905,-0.12053832146036865,0.19390772144700202,-0.5705562437655799,1.7059737940456747,0.5352545182756282,0.8739572792667405,-0.13873042306111405,-1.0375266574706503,0.8833408069575495,-0.9934644120967463,-2.0228139583005924,0.5656230214094919,-0.7556131567018683,-0.3342615016467226,0.6939890622180029,-0.9303790164712801,-1.6022069048362384,1.2194236421819045,-0.05830855946486585,1.2573445427732837,1
0.626132901246116,0.6556469602840003,0.16343501148548972,0.16260666978801339,1.1345107672105115,0.8144719784873922,-0.5890229393455586,0.4930008307672705,-0.6193434226937382,-0.3126060488671844,0.5683828776407825,-0.634437968152978,0.1476129205258572,0.38010251122380206,-0.3393343206205579,0.7196838173958883,-0.4394657146348811,0.9426305489867072,0.13069594391236874,0.17284586990467396,-0.898754878487987,-0.23462380572677125,0.19485641525110867,1.0244208071649779,-0.3216843371298466,1.0207089483240925,-0.7556215851068773,0.33416296740170476,-0.5067759783248683,1.5441691911469875,1
1.3636751097732571,0.28570675584372646,-0.5350721038172269,-1.5169741368807046,0.37829091464932907,0.20753749153526455,0.8581598121513199,-1.4663624489179785,0.14151927206913947,0.4289857704924373,-0.9019705520638241,0.11652554303198383,-0.7269489869075195,-0.8253536360778947,-0.5306051842241123,-0.2660983498353848,1.2387348772505633,-0.3217713550410121,-0.845851314094681,0.8128903294492634,1.0276887380577857,0.8194478915998448,1.369267305475437,0.19225964129040218,0.15560614759192168,-0.7038748414211726,1.3990186615558347,-0.09216398292144454,-0.3035729222413148,-0.3930080451800249,0
0.6365735753401008,0.08354496653538034,0.1895017428930553,-0.32453492807502426,-0.19830040140954888,-0.14806561626988232,1.4215705120079873,-1.801231629345299,0.4481913122318485,1.0881623451755575,-1.8385281566394431,-0.0714785802582451,0.9821107859826178,-0.7529687324326843,0.2685409907371889,-0.9319778303175182,0.03308521611334467,1.2775889773935385,1.695611216631911,0.2552366847367871,-1.2789653477880532,-0.3104712870033506,-1.813169287885389,-0.2939863213824608,0.96469837253932,-1.3628826232751212,-0.20707384281245925,-0.8161878316167526,1.7936891869269367,0.398686489854476,1
0.8503738461456807,0.29259562594411964,0.7609838385960297,1.0806408688661575,0.038302457559657624,-0.5311862356047589,-0.9352431146217951,1.7587317808639307,0.8206786520216443,-2.2232019545565587,-0.24462376045354253,0.41608360483421697,1.672256155014476,-1.1026756504959747,0.4263507397567929,-0.39973008584979985,-1.196931303180339,1.345429855199683,-0.9641702905754356,0.9707838844686022,-1.5945845606017306,-0.49001338463422267,0.5720338940794761,0.7167772939802787,0.4368819542156062,0.9854187797952549,-0.2886013465439659,1.392387477731943,0.3566171228019526,0.7348066869560108,0
0.36359218300493823,0.4914360435091607,-1.0011457298973723,-0.9416532664691915,-0.5411826974655312,0.5143166806835876,-0.5886133737549228,-0.29607586788903417,-0.072641155975098,1.4178712889635696,0.6027854507148103,-1.4613056753604075,0.1596895222023469,-0.30342224084041586,-0.2283266883618831,0.0006444865420640978,1.1258415177578929,-0.8135053526605518,0.20388336641442903,0.290635618960042,-0.2213752329606596,-0.6383225939858665,-0.7553368495097292,-0.4206391597194392,0.7376249175335946,-0.35833767228446234,-0.09913892263989449,-1.1569709817762763,-0.4743487584819543,0.22935596835881453,1
-1.6672228528118223,1.0448929344199867,-0.5928612884718959,1.762987560323396,0.41998460851486685,-1.834847964094052,0.2775278526978415,-0.31802401374707556,0.28998375838353535,1.61673577565959,0.7049721939951186,-0.22572578417063907,-1.396875939026269,0.8727779708281217,0.5097333240450254,1.1579021180919287,-0.14286322814154426,0.29510906685342003,-0.24626370303415748,0.08684808477475742,-1.5145223082978565,0.31826908990496827,0.3823950113342178,-0.5038520729670898,0.6066562186030979,0.8725618166844492,1.4001646875365337,-1.0200518553583704,0.6693848092591842,1.3378996749050371,0
-0.35079515801766753,1.3949191353710249,-0.7259070270090064,0.06970874210452307,-1.7270328874861343,-1.867259645828957,-1.5533749501647534,1.4187335795677416,-0.7755890114370207,-0.7730509506419584,0.4082495447477032,-0.7435541416543603,1.2049902582143024,1.86364484970699,-2.2216629046524945,0.520261651904621,-2.060482203253886,-1.3601288259559774,0.47764798189049196,-0.9436976693120769,0.2609202567109435,0.031060472359137257,-1.6480635528109935,0.6574128731673291,0.2989976582278725,0.03882668776895314,-0.6480495218840852,0.38966993684535095,-1.293894821804197,-1.0080274035493926,0
0.32092773900536786,1.0301521642169016,-0.4771303819657801,0.4570109043611031,0.20495818216726688,0.4143045784544059,-0.6917833705165373,-0.14924715517234485,-0.03823464591771339,1.4983875323511588,-1.1044961286636081,-1.4037901850028436,2.9993895723750374,0.30896974668737986,0.5485066376656762,0.6421674533070357,0.7718852223230601,0.8989989872368331,0.776457227037776,1.1270202385867198,0.16739127164125778,1.0722247312981583,1.8919864723029596,0.19591577272040786,0.4807855095085433,-0.5798104159820964,-0.16482702557617543,0.3528529395795613,-0.389233940872557,0.09247870844105584,0
0.3413279828463177,1.5206227485396553,-0.8637924992499343,0.4201630524330238,-0.6041645672344879,0.7660363141508395,0.845499435975641,1.6774612721436792,-0.42568806922740915,0.14555938463902898,0.8040600709891819,0.6586369702645238,-2.4877990752890136,-0.687446672489098,0.570116422488869,-0.20979585423744104,0.8114511513486978,1.0420740860519977,-0.21349046537840705,0.6008232103259532,1.4561419042844683,1.0185034301847102,-0.7706471258021121,-0.18513345321088429,0.027480653052095898,-0.9352259801697248,1.0699944146699467,-0.644955547249856,-0.10142428339762091,1.0718405085358165,1
-0.4509931864807314,-0.3366081783340695,0.33805021477833924,-0.4089138331179619,1.5326109495925355,-0.9154448781638673,-2.294812866320253,0.8429965420314615,-0.35756867183342245,-0.8076306747679248,0.38391401565686595,0.4193911406487868,-0.7618833285733106,1.1868893191514187,0.8618770130974323,1.9745732859958247,-0.4586340572628652,0.15626867769242025,0.2333317652205921,-0.32694730120930293,0.40321891724104375,0.47842437539719723,0.4788797428436444,-0.32649308576311514,-0.2093220003446316,-0.5670950457288706,-0.7508221719529234,-0.06394906567638262,1.516532101164189,2.039049225933212,0
1.3138582287632443,-0.4638783062842993,0.4076717555211973,-2.046913462441187,-0.15500374831596772,-0.38855374353118494,1.8743371552380035,0.2604092890601526,0.050721605646137,-0.06843408096467361,-0.29086256905209107,0.5315571986676271,-0.6624022692667008,0.5498681294886163,1.4317566935737913,0.11264061686818408,-0.31433121766170735,-0.07532029907217722,1.2006854606277364,0.13921747610549295,-0.6093340581639196,0.8086535638794032,-0.7106915718909574,-0.23342757939337558,0.22916288911821775,-0.8070302934504976,-1.7864111461949053,0.4494432858953999,-2.1918394608699128,-0.9265618754709669,1
0.7781860392781661,0.41919927442617,-0.15793047298975643,-0.8954945886079884,-0.4310157562369769,0.5764865767378824,-0.1323664181371613,-1.2351586462792896,-0.8799267602959269,-0.4346222746510419,0.3669814534979538,0.1045614521094582,-1.2464537613244677,1.3470563250803131,-0.7429009283966546,0.44104650757993186,-0.9473634839734525,2.48193164317774,1.3250170623899524,-0.774413515522378,0.08846059502693267,-1.0292273481570073,-0.3559862425025597,0.42294625526717894,0.8450473214046466,-1.2383865853253586,-0.748557555053486,0.9417653680867911,1.3239129336376745,-0.773127084896265,0
0.9568552020485984,-1.2355924868347423,-0.2975010551774489,-1.1444080219571777,-0.4057359126515504,1.9092722873518746,-0.05490094369040673,-0.2819314670499738,-0.5647744035980952,-0.2998180786071756,-0.8085077936073021,0.13680367422935436,-0.032593982041367923,-0.4574076946344645,-0.5452688763171661,0.18283615904543637,-0.7293252332152772,-0.24013525984074716,-0.4512185980935449,-2.2060961493031925,0.8600916985626312,-1.832651736086326,-1.7682830738966961,0.8953369224215272,-1.1084646496315878,-2.0764831785110576,1.3373755472474442,-0.6380192586818768,1.2147325173243375,-0.9152710061894137,1
-1.6434814875467252,-0.32164396594810446,-1.2080049317483643,0.40425369119397897,0.6761561796919985,0.9297071833595804,-0.31161876246023007,1.3803370555887973,-0.9276790323674834,0.13410169060965602,-0.13835847914878147,1.9726261021944995,1.207796582145901,0.03215631721073678,0.198445411272256,1.5355775067363775,-0.7515870728910815,-2.0330646967734682,-0.9676518329113183,-0.41449785388736143,1.3607610091919269,1.035774012142254,-0.04386031050580383,0.46658028772407095,-0.7089037539731958,2.088529918330076,1.2130835022352937,0.053550559183377006,-0.07360532184667211,0.7015071835050385,1
-0.057174556087639064,-1.821380364068861,1.5332634124018965,1.1686387666957307,0.37200413329606663,-0.41960557948105137,0.0098171423742352,-2.6438814056076323,-1.1073901628198541,1.7670983211806406,0.5172696012898548,-1.948699208008674,-0.8277210486134192,-1.9252892560665564,-0.7804586832183846,-0.16516352188870195,1.6016048466031805,0.7851100587616027,-0.3021459759839976,-0.2530221521068492,-0.8005331866030511,1.0903197268407256,1.2095424075104206,-1.338269425584699,-1.7206543663833298,-0.31851646648889537,-0.19591213022816406,0.25866539136043465,-1.6746996601122859,-0.7156174790786259,1
-0.08240280341991013,-0.7788010969872263,0.8578609401937887,1.868532745287793,-0.5386403947555706,0.8891989989248288,-0.3571734881080952,-0.9301715305174995,-0.7122409087405146,0.7686287772914203,-0.6416239156405218,-0.4460569869449833,-1.1438321537705616,0.6339291094024587,0.4581600212718645,1.4550276076515718,0.5963010981929111,0.4129086697629614,0.5832804636097018,-0.25593588777832027,0.11011570205529357,0.931191674499799,-0.8202162295264913,1.7016815144537336,0.6379838728311035,2.021162878082681,-1.1754553167936987,-1.175579201863907,0.37201221510059423,0.12356147323716676,0
-0.457058684524718,-1.2693625684390142,-0.2677505352734399,0.2171254400039551,-1.3084958870363097,-0.41037912020415557,0.38243528763422474,0.7876970912841258,-0.2862351825099146,-0.8010515668801376,0.11521686720301218,-0.20676525258134626,-1.4650502203087494,-0.45050950416267527,-0.5897816883511857,0.02278296253398071,-0.7337164902191867,-0.5484424265022848,-0.1821768769143658,0.6383893005016819,0.09281065681598395,2.664895486173769,-1.2648912578811913,0.9116861404451944,-0.07807956769727288,-1.3942230183159268,-0.3783956605714786,-1.5134732981335428,0.0826467752460594,-0.30498856388787093,0
-0.6851536426996729,-1.0601246490062421,1.0167029512665853,-0.1597020046593722,0.2094997595430601,0.1768675019666702,0.10806987776665089,-0.32654715287363384,1.5176132688505548,2.236321394046596,1.4478994749792509,0.021446100165412398,-0.04749098198902614,1.0927575269016587,-0.7576313194154112,1.710314578413098,0.7914225375241227,-0.2797315900326315,0.28190466022219146,0.6268841034966113,-0.42752207403620784,1.034365918666374,1.2728291241581577,-0.26263900472006413,-0.47565068137664673,-0.1054109573158146,-1.1568287048888195,-1.6675757880151143,-0.433263507189174,-0.9599540957353969,1
1.7707182525314462,-0.4562086116248524,0.45570710195771735,-0.6282078997445851,1.7822353936577335,-0.19390567790966046,-1.2436575829701018,0.6702540848343296,0.2594428752515384,1.2030674123988938,-0.1541162288149914,0.10787674988836791,-1.507392059405553,0.8354869488337978,0.06271329279802736,-0.12419810864081517,-0.229290946881893,-0.28227905370724554,0.8490199508739834,-0.9255890402214604,0.7434936169783831,-1.605344573485918,-1.9165578440488507,1.4107281357932444,-1.0228810162698578,0.10579429004193998,-0.2680048531663882,0.34417372859038153,0.05139917490072904,1.0430098912316021,0
-1.4291979226228575,0.6709311214103886,-0.05130347373243433,-1.5322592190025184,-0.5299011298803193,-1.6038897703290709,-1.6732282073160143,-0.43663569737725616,1.1863373033827398,0.3126223539008028,1.2993782552200355,0.07595110533221376,1.549767453028705,1.446594777339857,-0.9499978781005455,0.07100065570349612,-0.7224280524436812,-0.14481800862137995,1.6582122432121489,-0.6416130689164911,-1.1861585684644107,-1.1200025743271877,-0.39546756863566224,3.7453792279758287,1.4728223057094987,-2.872951138434895,-0.035804677499647115,-0.6289589436050402,0.9863226884752347,-1.1790032605608687,1
-1.0364378867438686,-0.5714862382972744,-0.6917063603683293,0.6515446617795535,-0.3345511353065428,1.0032472533242693,-0.8103436093731508,0.865758753055153,-1.157049129775204,0.6147536482221854,-0.49988510663450303,0.8916354122447447,-2.440920279925452,-0.7832561327238614,1.1683250014392315,-0.20184335003286186,-1.701257443314514,-0.7069878900024049,0.3835845555016134,-0.8109120067271695,1.1610525291266087,1.0851007829136574,0.6677144145929542,1.0308403992549087,-0.5151805287523885,1.487123271855202,1.0756306268511362,-0.1288773303328927,-1.626452190032189,-2.3667406954074943,0
0.9896704358130246,-1.611064160872139,-0.9213020251225857,0.47708166588790835,-1.2997617052868196,2.4343349850439706,0.23744863875827635,1.4780929924207402,1.0425870684349956,-2.5379665387043953,0.7444551035462572,-0.01613608856556076,-0.062468736795909384,-0.025399564076356403,1.0547142873898367,1.6453693782708712,-1.1921215428534755,0.07730267646642548,1.401924164057507,-0.20741133639083456,0.20298096084110523,0.21728535524201814,2.1147704433127856,0.7483595725575182,2.0706202712419,1.7435979259932237,-0.22704163640340883,0.30078133909475163,2.052155416509727,-1.141728839007195,0
0.7611123699415212,0.7711749813688922,-0.27640112054463917,-0.3804270930695827,-0.2432094784953683,0.7024468738757074,1.4729643913233152,0.7390141409554088,-1.2577698310202001,1.5058541780730907,1.1929273595600838,-0.24560153826918227,-0.6544766553555744,-0.9081806983427202,1.074337165526628,-1.879381429181054,1.0988702374959516,-0.45132970598986094,0.2849055649108593,-3.4213796212167207,-1.7733380604034576,-0.6793702429253494,-0.9123927132729696,0.7584242554795566,0.30320140496305875,1.9340634404267965,0.5133308513349397,-0.650081263284753,1.2233465484700816,-0.4630634681235349,1
-0.5204881989291227,0.002122947458435894,1.6191921645547007,1.0510506799495327,1.0198798389629757,1.960512635691916,0.9961786665311059,-1.2284538119003288,0.5383228085305019,1.6231581634048096,-1.5182250756334628,-0.015370179906731249,-1.0678513713667068,0.1284698854252594,1.1352355746888605,1.3427363319465295,-0.18418680094973383,0.6613878428127246,-1.5040632541024566,-1.7484518238699371,1.1195953365722444,-3.026467526774063,-0.6873259013921537,0.6769069176447402,0.2206214525138565,-2.836229051459019,0.5256581166236164,-0.8612886835399552,0.1208154707171381,-0.6239995372680184,1
-0.6921875122658333,-1.7996302614385087,-0.3590285013567521,1.2361887668844325,-0.4226360625625888,-0.3771905296460291,-0.7045087986259202,-1.286117316592915,-0.9977824654271482,0.22157847480172888,2.459247123087438,0.975538968093572,0.6200383360215148,1.9914960067371312,0.4679283421391535,1.0746279149991353,0.2139249700490007,0.4520223170345001,-1.4085061271362167,-0.30997027530565385,-0.5619236873515652,-0.6149646760773794,-0.6736597230092367,1.4310104949224554,-0.36854152740643203,-0.14445889200689535,2.264740194933959,0.7754579814771305,0.007960682617143389,1.0583894395808737,1
-0.6691117045926825,-0.4246587747140314,-0.3616623309563901,0.24955505620645402,0.46671358589022366,-0.9492143389801289,0.40698863495750026,0.6044539198908182,-0.4676999404033108,-0.16552741339745453,-1.1369509392951394,-1.5089143596745718,-1.1471216544632765,0.7206369714055677,0.5230190290854495,1.927544264929958,0.03827650927018043,0.05170993402226998,0.3371442026810986,-1.0669593925265843,0.9034048750939372,0.3820846112679461,-0.9473602289658434,0.3716730175504361,0.7584624667506481,-1.3314577526088416,1.0573044125909146,-0.45024230987505454,-3.0703259267427216,0.9719635780432063,0
1.3427346255746524,-1.1235458193212489,-1.6710108324322954,1.3278584930998667,-0.6173613951692282,1.3448824875027374,-1.7919618551381415,1.405156120266492,1.0733522953771848,0.5405635765509608,-2.0042578988154265,-0.3624065968349841,1.00751269295768,-1.6869987056300342,-0.5223473764246763,0.3964489382238101,-1.1589729870341288,1.3005022765450058,1.1026074187856711,0.2421909937268631,0.43402575808919197,-0.5404739546294228,0.589707997782794,-0.5977195100040393,-0.19678124887278212,-0.4924088711032832,1.4355255703164822,1.207058680288627,-1.0034453925741176,1.3376246037797381,0
-0.7980179462338344,1.852869992053925,1.5709505877366547,2.192772324310873,0.2929450915054078,-0.2804884172460294,-0.3027632771364105,0.37518181267938394,-1.0140175222317533,-2.4096331031055223,-0.3996643405718927,0.04092791367631959,0.5555265359780684,0.39722441017595084,0.1408273517641376,1.1694708689656919,-0.8726221821472027,-0.6720245046063549,2.1091745676805314,-3.183769318003369,1.119031821951109,0.5634098438427505,-0.0013835442273076896,0.8961706650043787,0.718492679587117,-1.4592994002832116,-0.97392110188522,-0.4806818968494382,-2.1212570635911003,-0.008640706379858427,1
0.6375129739336752,1.1657322783322879,0.07796969482795875,-0.7495701503493551,0.22400476673544956,-0.07872822033875054,0.7850813130675053,-0.045381350768805284,0.889455402301403,-0.26142102482932733,1.2902264861784574,0.1775444915238775,-0.5978874623118777,-0.33313518701808686,0.7270427689468314,-1.2707247376033703,-0.12954438997943823,1.0692062941371632,0.5168851162889265,-1.1508118443557216,0.31124051723627877,-1.3420047109359414,0.1865416931702121,1.3798477183550306,0.07340013247375586,-1.1319117977395146,-0.19098942037609534,0.1944672872698082,1.092105399084367,1.083128313540104,1
-1.089236671018608,-0.3240881948741104,0.39366861086644633,-0.6047690426952168,0.4983832147046584,-1.3480310714079822,0.2614042357322235,1.0273209612054017,0.05395042238292388,0.17573976529600135,0.8443085363628038,-0.4441040625264002,0.6220347333007304,-0.030560602781942576,-0.9080910268556021,0.9023123560677843,1.4009250269832618,1.1585219474511832,0.9022555488660687,0.5106471913290422,0.36294667819464804,-0.09381999538286273,-0.6626219423891937,-2.065894690250761,-1.5673577246608261,0.014577521940798985,-1.2763929955947213,0.41409248921239733,1.7473885375460778,-3.2253061889938373,0
-0.9724953489823664,2.185878608855743,0.8342249512035418,-0.11166570052663263,-0.531889694553055,0.5858143826888129,0.9792048960022195,-1.2693874584567753,1.4917946923253733,0.39846259753549684,0.9381426057423905,1.023997674548785,0.3122708782097421,0.44543088607264075,0.517748821710884,-0.3571007987756031,0.6484644571751289,-0.25955938410411533,0.0006578567221703546,1.5639106603480764,-0.036037822085733015,0.41350805021403414,-0.17477481987660617,-0.36582657633374294,1.9287120481484403,-1.4644182463060453,0.05210372123202869,-1.2018186836771196,1.2543929804996743,-0.06157976455470421,0
-0.46881297045934334,-1.8350116481203478,1.576278858599338,-1.3278052129144733,0.4867583971560609,0.9317786174855869,2.1738972796282092,-0.5512592413750719,-0.8554835806010738,-0.42727536944081734,-0.5883410707384071,-1.8836180385338321,1.6354517349649877,-0.4180502999830672,-0.15967449217735546,0.6274572142343657,1.386095817929748,-1.160566672566252,0.35761913769898324,-1.2157844986207407,0.333648345547148,0.29221412643212563,-0.47301202909485857,0.23345552448619367,0.25178735867218116,-0.08167885942046323,-0.20459905314313978,-1.364373041685712,-1.0907151579617478,-0.6142249450730328,0
-1.008677960332767,-0.5732881312967641,-0.07615671051650283,0.0882499824033175,0.5616777087233012,0.15688346379868284,0.11900792548729246,0.5364063202304481,-0.9168878701558746,-0.8332444476420678,-0.3732109344538801,-0.6972039778647355,-1.7530695679706172,0.5759867954943182,-0.9983182659361296,1.8116063049350655,0.16536764772254423,-1.5017257732909,0.6669333194854921,0.033277763324764946,0.29098125819472476,-0.4975664313884472,-0.931245783262877,-1.4612706527456658,-1.282001113971562,-1.3680998354089975,-0.3574010262409019,-0.051607325873054215,-1.547080295022394,0.9026778771499253,0
0.14164474550769018,2.4271169708628144,-0.40509878691957735,2.2329713791984322,0.7459851353123952,-1.9593431376819672,-1.190671055353129,0.31795076119577464,-1.747591250171471,-0.8962566940966946,-1.5923375998844918,2.1387117958919863,1.098627956790487,-0.33898285965116143,1.5124022949455542,1.257908170311175,1.310339857876604,-0.5593309780526287,-0.30888589335885325,-1.0965922578685692,-0.11371434594829624,-0.8125575518096689,-1.0741294794752934,1.1315973674556363,0.6716112165149577,-0.8824138729075413,0.9454536897051024,0.30881804814941766,-0.31536405219958724,1.590760816042761,1
0.30538269849327965,1.7775210089085387,0.5659046088201052,0.6518722780133893,-1.0758522288957204,-0.557103574276266,1.457464072478596,1.16193658807588,-0.35833305617288386,-1.3529374189130081,1.6597739498876185,1.0666427390391369,-1.144425111293387,-1.144548197180174,1.8335521549324723,-0.5076168693786334,-0.48983477468452546,-0.6805245959368336,0.35546995797796976,-1.4002753868765476,0.23759599274603516,-1.406737259703862,-1.399703405726604,-1.3656348965533942,-1.3271746370242707,0.7223641770371731,0.7226911322164593,-0.16270263256743916,-0.631561792204981,1.381797534671681,1
0.6948396174462641,-1.1786857461146303,0.35056008058957505,0.2989863658478419,0.7184507987762998,2.7490077347626656,-0.8184320753448803,0.5544231899879244,1.4960195543932873,1.7182435038044368,0.1805495769098697,-1.307642934160056,-1.7948966487565017,0.8264678634197106,0.34252894432889386,0.12812857001362166,0.28264566459967544,0.978515912237696,0.5463434058917431,0.3866553607653294,-0.5935827212498311,1.0394790850405522,-0.5773004394977086,0.9677464046784847,-0.3926547824222184,0.5894291571491407,1.7636121435220649,0.660572889123552,1.4163497890126024,-0.3714338907186783,1
0.0961607363050564,-0.3546140432587659,-1.659700170904688,1.0687102267964452,0.5688778356091226,0.49792203113932987,1.2317658740007862,-1.1354115721528575,-1.3753653489583388,1.2413672129977638,-0.07034141956772438,0.21485050807405295,-1.467101710625153,1.4721249296157566,0.6712554506877746,-0.5756003620661004,2.0857020865164637,-1.3634672075789078,-0.32941684069754057,0.9869613585536166,1.1532772467815353,-1.4931344482165554,-0.28336860896948735,0.7457982506599711,1.4730599963569715,1.3889239325832816,0.7004346631592917,0.08968639229259193,-0.17937565534769115,0.4981197608562887,0
1.434019320064357,-0.21402099164510718,-0.2731706725248369,1.1452534426368044,1.0616091834626706,-0.4998954842079919,-1.3187575955332071,-1.713443645896305,0.13016589225954625,-1.1045974227137048,0.8962607129457156,-1.7167354078687798,1.6136300925883449,-0.33679615777660243,-0.7987313520814852,-0.5411571204163589,-0.8647675802474665,1.5147042755083011,0.6716298383466593,0.0968512509333819,-1.2028794891613221,-0.05504296556236884,-0.7706226525796559,-2.630950184261199,-0.6936058479563586,0.6052397407313095,-0.4261393872853045,-0.14498954022086044,1.040994062201691,0.8619514080437668,1
1.9609172124279175,-2.193549099577021,-0.8422877397985048,0.9081417015434889,0.4313953877011515,0.09946627836827243,-0.6047914136913766,0.22645147117972228,0.16888684070935414,-1.851991654378832,0.21363378707569683,-0.5170304111933836,0.841064255117504,0.34465640017353383,1.9559052852458976,-7.341414471059449e-05,-1.0913111197969807,-2.488657051626951,-0.938275726376146,0.37735136122897295,0.6328707812663652,-0.6052028582154119,-0.4301295034397943,0.06993632927598196,0.38005320932060965,1.0200816888505173,-0.5875771710746548,-0.7426311648051591,2.024792435676716,1.78322847915437,1
-0.5294261746938566,1.1425391113428456,2.2047087589895487,1.3169583387898993,-0.762909700616666,0.10481250515052777,-1.7518117983101276,-0.9649468623262338,-0.015301295389142953,0.21975580722921584,-0.6929907816439684,-2.7516731235016407,0.19356285732360615,0.7281716263489562,0.7661231188818505,-0.2058518339501334,-0.13516155621012446,0.2465056422476731,0.408899154184648,-0.09344932477403875,-2.322982199025217,1.397047572453216,-0.4643380180015672,-1.223899570321578,-0.3925845067596692,0.11168620815522465,-0.6090817256451742,-0.5400389123895996,-0.32463547786290087,0.36181186842268726,1
-0.7989888619087973,0.33744249080988303,-1.3802791595380313,2.0058854515989157,1.0723159787458643,-0.2746693936851653,0.33475000067507266,-1.1681690838283825,0.5618216788714424,0.8454085579191971,0.26632730340403016,0.9022843194974183,-0.0070316599372785464,-0.10138357051481206,-0.6598683209575276,0.5559036566829471,-0.8365585223261345,0.4143589284418486,0.3032225570375764,1.3439833108611732,0.5835028613911011,-1.7568024794052701,-0.6635188997755513,-0.6894862199992348,-0.7318840186938158,0.9666011814964649,-2.2033590643074876,1.4244533260997099,0.9985348722226121,0.18575453793769325,1
0.349199060671282,0.07501058429890711,0.15858265324722112,1.126343440160244,-0.2237038421037709,0.6003392772719228,-0.8712519321873287,0.5325374601935691,-0.2727375331480987,0.4279853771639408,-0.864570715568673,0.44924597125802035,-0.046770676929026346,1.564853816884021,0.2589504111986632,0.49323239477169606,-0.4415207504375363,0.31209107228004,0.4740092333845725,-0.3542407023106691,-0.4322349005491496,-0.8066224254844495,-0.07605164092999808,-0.6531590020798669,0.2922568645881827,-0.7904051519504942,-0.12249186810883188,-0.9457517030141738,1.1443924077754444,0.024850052061035795,1
0.015923547035728097,0.5954799474109356,1.7752449393302545,0.08109562039102002,-1.490890782485232,1.1819351908455082,-1.357314121937943,-0.496439622118694,1.1925196005556076,-0.3352228625507225,-0.5722702496310962,0.28130156156218816,0.009685952754444655,-0.6933826197292158,0.87759699195726,1.227975635255818,1.3879220491938993,0.5517608640439662,-0.7010668057986225,-1.2552799246503499,-2.316886131107002,1.0331148015483773,0.1945689895059521,-0.4189157478591971,-1.9333015990293945,-1.1831013269261565,-1.7654978668738368,1.4419052711993594,0.6356970617386563,-1.3059429641955869,1
1.6350695829475792,-0.7221425889680565,0.3492797594794493,0.35161933214525,-0.0939073518053155,-0.30309189969224887,0.033994605977337396,-0.2799792374936668,0.24909948519490607,0.2887857394807817,-0.5242252762616034,1.1012451800493095,-0.8370368376932005,0.3902011300250052,-0.3393777406634862,-0.8689931305638562,-0.27741820516498256,-0.6608280903451461,0.6587309325269126,-0.09455209447775656,1.3692189067654779,-0.9514111545759224,-2.1968699040817072,0.39475881576246247,1.722639519831539,0.4887957376626737,-0.9424090970433078,-1.0229202462373213,2.025833224222961,-0.3793804455026351,0
-1.0149057817628744,1.1904197203597815,-0.14723314822291683,-2.0273533427759562,2.0828971381367394,0.5844064903220275,-1.5116726423833753,1.3957919052639414,-1.0478331601662507,-1.1080283019249035,-0.8917460229149975,1.9395074291573189,2.04541645402205,-0.5479416108931856,1.7056190377844653,-2.287004849359975,0.9140567535020159,1.3641722703986252,1.5064412946916783,0.07689742448186696,0.5660777808112863,-0.7171143442464695,0.025147836576659997,-0.16421582627700884,-0.2217187712397445,1.134656609125006,0.21494943549848658,1.6931722937926947,0.2479759057771478,2.1913125827691764,1
1.2272100264567665,-0.08680059663246882,0.1745973177674433,-0.8399866244652847,0.16020677743642336,-0.9825190622626732,1.3303696369401605,-0.3436082011150521,0.35564821336762614,-2.281294185521013,-0.2671296507633218,-0.3716613811056544,0.9209234013269403,0.5224888532728088,1.0183077919918135,0.44264885655725245,1.2305563648678446,0.4191296844568911,-1.3762294841541094,-0.09031317866474657,-0.03880643470009618,-3.2651886786497846,-1.0165369163996727,2.041735883180489,-0.2745498901780686,-0.1053455424001523,-2.178345315275389,-1.347234181733391,0.4843343978792867,-0.46474843551217204,1
-1.108896183644518,1.297381950738203,-0.701142192220603,-1.300934367335108,0.04045991504335878,-0.8149595793741543,-0.8162335168281462,-0.06110632394082367,-0.6435679049426867,-1.6669197469851909,0.558566342663705,0.8659228799659172,-0.25059338754858307,0.6201647490776525,-0.3689051090268239,-1.9099544334164134,0.8964235611441433,-0.09918595023780451,0.150997504044006,-0.10632711875960504,-0.18157562135669025,0.14204916611156582,0.16122066578219982,1.2635312913995216,0.43814934514230613,1.1765404384298621,1.5070419749931843,-1.6113829436733225,1.2766753688727495,0.6530976046044796,0
0.48840890009445176,0.9895671347894942,-0.26479894234637974,0.6025857208413644,-1.0577753453574477,-1.4120524395150462,0.5316873479001292,-0.06946700663766414,-0.0029110545262086944,-0.7976469268132577,0.3911770161149942,-0.42633980275923916,-0.04656140217078552,-0.4866841772700559,-0.8020601590462877,-0.2070134785844932,1.185586011903092,-0.4729639599855277,-0.12662338996033767,-0.2651054661974313,-0.6371090124680188,1.2292411573561053,-1.3616613694344897,-0.08537616465686768,-0.8435103658165556,0.5672281260618878,0.1339133548640197,1.1822857910386857,0.7345549897276928,0.08159836933206432,0
0.7443442448402392,0.835757573163416,-0.912500821521328,0.773132626563847,0.29726258984842785,0.4894697325922399,-0.407565062392071,-0.8543508813344741,-1.0342148136938103,-3.408274589327025,-0.7093385248729277,2.439255003568363,0.8224126688657818,0.3184607739216486,0.961039674876535,-0.2600304725706857,-0.3919133268206111,-0.29023526922239207,-0.7360005892790072,-0.6537014241335637,-0.015807055127577168,0.06446332099483815,1.3262069648801216,1.0246477218863295,-1.4855479093771975,-0.29445330379328755,-1.1056201185191792,-2.608322920601327,0.0872475879727537,0.5772214695462294,0
0.07133039602982483,0.43690577041327855,-0.33473274338329617,-1.0277402967527627,-0.3670116357633285,1.3687866310892558,0.3746195694112157,-1.5207345283644258,0.1300682743410839,1.2737818664442255,0.7613395415478523,1.2868104614717688,-1.4885325232251423,0.1257833730372686,-0.34826239696951683,0.5949726034591367,-0.8491179096697713,-0.8665688103126779,-0.0030685056943130346,-0.9217527548009619,0.25942520194009244,-2.039149966175686,1.1757398224158155,-2.78519878195651,0.9047219662756929,-0.5809118281236576,-1.4495376840751322,0.16999292468312616,0.88561423948846,1.1585023723784065,1
1.1257891905626598,-0.8584382265905948,0.20484914450730426,-1.778043401049003,0.07929500331001016,0.338101726849848,-0.3751346109414856,-1.835683405699281,-0.5938501445824688,1.9073153881223774,0.39101921870334566,-0.48467598556823277,-0.15917165971504574,0.38461539617918283,-1.5492173672269047,-1.4972356662240331,-0.7361869249870382,-0.5113037236554052,1.7939589445911288,0.07065463170159075,-0.5169072259026766,0.05652026342302248,-2.0248480737691255,-0.9040898432519284,-0.7484860233088235,-1.0205461229977368,1.234483104097295,0.6600798203524331,-1.2105362340480965,-1.2668387329347393,1
-1.259428351649843,-0.18673408973908387,0.20013041728467082,0.4161344739577545,-1.0144105862346569,-0.17836582081101227,-0.0558817005380602,1.1969407922586666,0.774209169029911,-1.435263797693081,-1.8837567994272215,-0.11101227410121019,-0.6372280062776486,-0.9609535398804151,-0.7564014917188682,0.579545192137724,-1.5036678241593895,1.8483417489668768,-0.7175260012029566,0.6325343549424125,-0.6690405864263769,-1.5182672738924403,-0.14594737841600375,-1.2540170100485835,0.14709927322992886,-0.02519736656888303,-0.6946124378796337,0.15143588657029208,1.0388392327732807,-0.1099445703108798,1
-0.7285622917176923,0.39994086532590845,0.4415714170936011,-0.28490172177292794,1.3734721083738306,-0.2995405800024317,1.4879410817272298,-0.654728611435517,0.8503801697744099,-0.21979430343753692,0.2685461316537135,-2.0261923545895573,2.1687299791396515,0.31693593321719854,1.0167661819128773,-1.3776823132162845,0.17158942446947995,-0.17942102641091612,-1.057603578327878,1.2852848844044165,0.14627207977390544,-0.0541614976571904,0.6247505619886907,-0.8546827173233831,0.16128974621434475,0.09018224608085246,0.13413168194983355,1.0273030703230992,-0.42447170919777844,-0.5299728830476796,0
-0.6143698288171627,-0.6557622292295281,1.102334358422978,-0.07069048271408049,1.0228049633575627,0.2710216414112241,-0.8741236092341064,-1.5069625794753834,-1.4520287490788637,-0.8908594210316548,1.0197215481738728,1.30079193451347,0.09295334165970293,0.9269120280539198,-0.5549890714032275,-0.6278281033215328,0.7707725290226691,0.16626541651046403,0.7334840095895278,0.05122678246271744,-0.3753641411350332,-0.21574307422144473,0.3071305774223811,0.239862365788398,-0.9319106070100668,-0.12170273919067279,-1.5205578562072557,-0.3491147072677657,-0.9207580378249695,-3.045870601806776,1
2.2100177426513037,-0.7722955432720378,-0.9412977589728788,1.6229207954102338,-1.1720132581371914,-1.4513895000998063,-0.20540776253480714,-0.49497349817038094,-0.6393578878653078,-0.9173043342434567,-0.18858930856500744,1.6364902099368999,-1.610642051878272,0.8406032269270868,1.5336911725070057,-0.6261970286535419,0.37639639946896686,-0.12196201148969818,-1.7192882950072146,1.2189867012857336,0.03522110297399196,-0.5209851764112728,-1.521669372970462,0.5209022378940741,0.15211816785485466,0.6058047523279739,0.5552647010203797,-0.8131994005322299,-3.419905979153709,-0.1099398738904949,1
-0.17717930199692755,0.16381719357367786,1.5178779582826558,-0.048728033249922025,0.6925793921077046,0.37709249387419463,-1.3848087266399978,-1.2901820941933195,1.153583891194548,-0.8794667253223751,0.3691611616519101,-1.0239454602413933,0.7464358894390701,0.24742329244123434,-0.29784092968047027,0.6665843866716095,0.2596990079418534,-0.7222659308931644,0.011951632283487853,0.6691098787362378,1.1076952227376224,-0.12871966460237153,1.786453260453897,-0.7445170682756336,-1.5568448939632111,-1.4110616884951233,-0.009952288025520848,0.012024681188580378,0.12560254456601858,-0.668056687838629,1
2.225714806370687,1.5109301184897985,-1.1442871637390106,-0.10192927251543946,0.049284389408651715,0.6856300342260211,-1.5242013002623716,-1.7141257558213947,-1.218910475516264,1.504108010679812,-0.6547048972580578,0.8085293733288564,0.5888306716363539,-0.17968383473532873,0.8274366039556573,-1.227520877461031,-0.47143463979169725,-2.216711113992002,0.09768207348542754,-0.79232165724588,2.189927821967486,0.05868412609031624,0.819360834786626,0.6528153417028992,-0.07764976970530707,0.9920874420017525,0.033071544234641696,0.47558811173364557,2.3579966524293376,0.19226411710405789,1
-0.527788373099755,-0.7078164287427001,-0.08306978318082216,0.11718285173949895,0.05915044777525239,-1.5819949416032602,-2.263555122544152,-0.9687215093168977,0.05870947948181891,0.06318949820270861,0.4545334718860645,0.36300309406654224,-0.4995239681034789,-1.020678656724685,0.5210625874389402,0.2261159047163063,-1.093209544236997,0.6247751122666476,0.9570364896076986,0.7894668650995761,0.9644712272535013,-0.7506082840251879,0.8517989104337753,-0.1578407289217843,2.0448212594588178,0.8941275921912218,0.42939979975109743,1.716258552372123,-0.5062956372466869,0.5506858954402947,1
2.235582512793222,0.813188827008545,0.15144321094009894,-0.2698147006079663,-0.9682731296015725,-0.28955509488023456,-0.8188295995055871,-0.23020890582293116,-0.11019088083017671,0.9887490481303829,-0.40861549160373345,-0.5966307485684527,0.8872348736570733,0.6966961297644056,-0.243448778826025,0.600902610478159,-0.26203031757839085,-0.21318496183934138,1.5538689053571613,-0.13782901988460225,-0.40584221851676927,0.017880265009649152,-1.9653536431960523,-0.1679512734291209,0.25473344109027496,1.9813862043745307,0.09237971446362746,0.43791660471200394,0.34643155636580086,2.2686027105170132,0
1.0027007743979401,-1.4509981785399075,1.229158443809766,-0.9449267412791027,-0.6536319496719495,-1.2997382098764851,1.8223343030120567,1.186342868955609,1.230661569878279,1.0358877124294479,0.6907420937791917,-0.3196917363906834,0.20604848967490652,-0.5163425334442274,-0.8513352752126463,-0.640482016049798,2.354172286574148,-0.3823016583298719,1.0007762754280933,2.0771697645522735,0.7807057459044077,-0.78801903917594,-0.7366102891043216,0.11885287712778729,2.256778525987524,1.4235426645683538,0.5366500089864674,-0.20417475775874783,0.37944464230647024,0.18924468923041027,1
0.18290813981376955,-0.8754072624178951,-0.8941939977857056,0.32880707434182394,-1.1596506748354622,-0.6251108968174951,0.02964438811842016,0.33079411879910153,1.1157492396103363,-1.2530497934582303,-1.2500004128819178,1.3063148130291198,1.6764903667527578,-1.0440854224146305,-0.8452235130764751,0.5455611650869397,0.04872344536191978,0.05651251849254236,-0.7806350203150213,0.7196955498462431,-0.23716282930166457,-0.27005010356871106,-1.1312386347126495,0.7913416988960033,-0.36136530378505854,-0.04515161488355241,1.189796766771314,-1.0468409529346683,-0.08667712537351671,-1.5581519863633162,0
-0.5236412180070413,1.288218243816838,-1.5414004328043283,0.23568114676977947,1.6035417334447102,0.5487531156634444,-0.5838033405437205,-1.111732529524027,-1.9296115272074768,1.5623269429455857,-0.42088249049502074,-1.8019810812383081,-1.021164973392729,-1.078096304369013,-0.49511404263491454,2.388355616518678,0.9229397931615682,0.48430708081500584,1.1974715490104741,1.8338615884161042,0.5281304277470079,1.4411974556288651,-0.6407622803762542,-0.8627313376650566,-1.0315981216215355,0.2939484342094324,-2.629877384198377,1.3247030953106864,-0.4936678052440976,0.8262886879976933,0
-1.3918083248177124,1.1112474125468221,1.3828520701458193,0.10291085457109451,0.5277770126481934,-1.026234349441274,0.04554885511799509,0.9722869750919872,-0.3030064033380122,1.5263784790289523,-1.7831997216788487,-0.328651588119807,-1.9211798266476299,0.3161626127570429,-0.21302326863605364,-0.17587182487937317,0.7400022248390054,-0.2837549103088548,2.8066999581603547,0.8085275152515333,0.030045681548087302,-0.674709873782409,-0.9107197890777017,0.43702828766135526,-0.5265390707062725,0.99088434994393,-0.08227900010439382,-0.07891611618154172,0.11465050736921922,-0.15201980666309436,1
0.2771440378300328,2.0695129671175794,0.5408193380073602,0.42334223507644914,0.7870073183310304,-0.10850939522176092,-0.9636525737980122,-3.0190830584720425,-2.0508280509965013,0.7479432532445662,0.36879926455933676,-0.14798644870438338,2.3622878422893434,-0.03425910439785077,-2.3617601110184543,0.7504944015861765,1.1609483947331756,0.7200847338353568,1.175725870747125,-1.7608800184754823,0.09468729965189884,-0.830025952993553,0.5230980887566772,1.5203134780442569,-0.3681282717229004,0.651603520743442,-0.8764632330234315,-0.017515516324480836,-0.5142084256217516,1.801000891996485,1
-1.0798181109438674,0.08823659415633078,1.3693123982498354,-1.9449604504001048,0.43125069923009,0.11111246399841462,-0.6811803092265823,1.2161056882959542,1.7159623425060115,0.6579861347823884,-0.29676945030291146,-1.446927236840447,0.17998318648951722,-0.1536515678321118,-0.09294845562847281,-0.49688643143220795,-0.5848276885133056,0.029062170422353928,-1.231290813505703,1.0364118456990796,-0.7633072971331742,0.11203779383486812,-0.3242856933004981,0.6501998846849913,0.5954363938092456,0.5070378896355001,-1.1688922135815976,-0.19245683059825255,1.602259678217287,-0.34188605519845,0
1.0492812257763118,-0.010141474859828503,-0.3097636407660135,0.1865605911145854,-0.8322046718107093,0.8998737776117945,-0.8539222834239311,0.5536619714053883,1.0786088663152222,0.4257304312950525,-0.5690167256757349,0.18570662488720596,-0.7342164491477804,-0.21133091006965646,-0.523283284061269,-0.7612470525822722,0.6305751241185813,0.9839413003318895,1.0532733822999445,0.24211796848239583,1.4691447463776908,-0.6768984370210197,1.2851491899263137,0.9095612185192927,0.03983159680409445,0.22306565347644813,1.036305811010694,0.6618693267500421,0.2614821268721906,-0.45023804849491206,0
-0.924294101291307,0.10831472415727815,-1.144344197377351,0.732223303321727,-1.7743125684737138,0.3069882304049639,-0.27682352669332566,-0.4394138870892899,-0.27653665062473726,-2.882269531332502,-0.44189701323470104,-0.8676909742059602,-0.8550145487595863,3.120976620705856,-1.3889182442359134,0.3961405701408406,-0.7955882442278753,-0.9122116733522876,-1.3468034762763175,1.1283003295422025,1.2044149757654563,-0.6202640790397012,0.9121377777460032,-1.0358283158932666,-0.40109979414435154,0.6789637548164805,-1.0012115074031063,-0.7393115864458626,0.024502503695665687,0.03729296396960777,1
-1.0783165453059547,2.2329727361919245,-0.8438295256357943,0.9527717331687928,0.5958552007712924,-0.8053695919426792,0.46325913915434425,-0.840584165780716,0.07085016913450407,0.8240604399301078,-0.5582180063883202,0.41148073648671457,-0.5760120298188992,0.17564160136164947,0.10613750570325324,-0.36663850078169,-1.831324769198962,0.7808904710490078,1.9904760823206025,0.13961190656588437,-0.6130386199676441,0.20809218343655939,1.1460266103693966,1.279543296955547,0.9116861236604665,0.4451799933652657,0.6753009256345788,0.11828559966562648,-0.956036261209411,-0.3785507648031072,0
-0.322921498988638,0.29255665713514134,-1.7639873347249468,0.5110376862446128,-2.0129620572439637,0.4113346218929267,1.1698459166997617,0.8948395506330936,-0.8957066813500658,0.6236034910038353,0.7043558080193082,1.7057759775459609,0.3657136395430784,1.0261191541502008,-0.43712609880349923,-0.8520637489740231,0.8642585044451454,0.8781460506922799,-0.6354777868850021,-1.2118328279794917,0.12324357566834802,0.04377768276480924,0.2338753368229628,0.8858290793691023,1.0288609927937702,0.007852476392627449,-0.995298569361847,-0.7256796108982666,-0.5966746496076232,-0.1201608301097064,0
-0.5145673363048587,-0.24476102644629985,0.07380400426657555,-0.6430762085717826,0.32199439306181765,1.8276457588399215,-0.1667254102555466,-0.6816644818313946,0.3066804116692233,-0.795086471396105,-0.14730898815458304,-0.6784454871010401,-1.069847719847537,-0.8785805356355084,-0.6608107876148201,-1.041718225015946,1.2788138073425388,0.43137377451731623,0.9418123107176387,-1.3583296000609597,-0.29394094037750534,0.4191814866667473,1.6527093886292565,-0.7527118840597707,-1.2863039135473793,0.1906254295618914,-0.6737497415179992,1.7058126014937787,0.5420138823641218,-0.28568097537933346,0
-0.28277798992274056,-0.12661777876713054,-1.8246803353332837,0.04197208354081104,-0.48698388463711567,0.6327563272065921,-0.8976277783644044,0.6825302008661809,0.542979186581475,0.15972564178938575,1.2537003081538958,-1.884738124683394,0.44388138913686565,-0.044746765221251664,-0.07407106896528413,-0.9818089150378384,-1.4196565443905005,0.8923201442038836,0.7881143586730543,1.7986186313988692,1.9629040717533233,-1.5481366648222739,-0.15460259419624364,0.25072967196913026,0.9620362616778608,1.4268386455029907,-1.029090940890942,-0.5409956756324942,1.3708391331195497,-1.6730910081399653,0
-1.0765135247165947,0.43777930560084716,2.0543290693301373,-1.677045479463777,0.05957067948752612,0.5544001775167996,1.4698271907820042,0.4467279765623475,-1.841654680740387,-1.2859159433663068,1.3720267260396555,0.4402627070382931,-1.1258272899115864,0.49349672845173526,0.30715905352920614,-2.494465985312559,-2.0994510444842773,0.31077719775350965,2.0354269840199164,0.26375640554390845,-2.4494274747946028,-1.612420665443719,0.625761276335814,0.7347776907849245,-0.19421736372902576,-0.4838896498101737,0.7938785172553153,1.1048731457004402,0.6939617094105863,-0.9539112393563136,1
0.8992439014738847,-0.3530135268244494,-0.6015714955520198,-0.6406710133561003,0.021074942676688156,0.570314065644888,-2.0206364391409863,-0.7307519771508936,-0.4608815623911355,1.03637180045394,-0.8667064861486311,-0.33098218693410114,0.8096360933769076,0.039600776965784554,1.5331212426720437,-0.1501597274409707,1.8829747808811503,2.062681917697947,0.4580442762154974,0.4182751125847846,0.5590258632187719,0.8165942591073551,0.12371309489004535,1.1687387712265773,0.5003886784111243,1.3861059553900335,-1.4527698908383078,0.2162625979367613,1.0154467974169397,-1.1415255305593803,0
0.43056813512640035,0.6086267303739138,1.7278923030534938,-0.3395563879941212,0.21114059457722545,-0.5558180423272107,-0.14081859804248487,1.6194553023256593,-0.029208008455373097,-0.7092329434648463,-0.18272882020351025,-0.5189228381242952,-0.44137337469673943,-0.5388872819321179,-0.4999544916422538,-1.1867806503700256,0.0692264564816464,-0.9786082179653359,1.1413975968551922,-0.3119905436131694,0.40858036330219677,0.4106559249573188,-1.8363955542617771,-0.26649743115912444,1.7184335439739178,-0.7758762841455704,2.2714710277880075,0.5443009765131103,0.5169435946392433,0.2393640774803684,0
1.0460619681742929,1.1014426343626063,-0.01858855553234752,-0.43032704194108884,-1.4248156016300488,0.8137534250056284,0.06568967416149035,-0.8437954579060529,-0.58045644326584,-0.06837535503618472,-0.9814488819129749,0.048581919837221293,-1.6201014838826642,-0.5324140858834016,-1.1618776464245946,0.2003554378759035,-0.9778370249046582,-0.5590049079860567,2.25978781165663,0.8649988349038623,0.600635339669986,1.2975797250160825,0.5124705186570294,-1.404308023621303,-1.3164970457249041,-2.7098752818289227,0.20194221189542177,-1.060152448016212,-0.5704214479009034,-0.3198735439805393,0
-0.6084914939919037,-0.03449629992401526,-0.28297821734868756,-0.3826023885124521,-1.5480084203341284,0.2417123756675919,2.175866502785619,0.2762950166901115,2.2690440705691337,-0.5683149903944377,-0.25277521988513624,-0.019860233438699325,-0.16979421649877877,1.1649307042647408,-2.1908314329891043,-0.4546971325413306,1.663373895688771,-0.4966398493884385,0.9285849034344651,0.6041166597792879,-0.07259164523458358,0.316597942816906,-0.08549300278920666,-2.12632774132722,0.45997255878236,-0.6160971837271881,-1.3768041014592807,0.3869996159642586,0.3209805256329959,0.9814017450945164,1
-0.26119793682583387,0.8587557461429137,0.021208437627827287,0.345262211584907,0.42775181474727425,-1.3306396681019312,0.3770835534071785,0.10390514395284216,-0.27115355583195716,0.11433612976165816,2.5495811564314184,-1.9194394284120133,-0.13154957937326595,0.8118480412706127,-1.2460795427851252,0.3710479704776664,0.30232385090613495,-1.589025515516977,-0.5843123993283154,1.783417618854833,-1.5906712445863977,-0.438933075231937,-0.1651649848279462,0.004248151806581431,-0.41301847861537444,0.08229483722006367,-0.03558133883792509,0.7102425383571951,0.8445357649934503,0.4395204996637176,0
0.2366956961502214,-1.5635042665240624,0.11577808120119833,1.1139919561430442,-1.610797237888293,-1.317177713203201,1.4919234151003387,-1.4978733555474624,-0.10273886178981435,-0.5516407765675518,1.4317172179516866,0.3029061398457515,0.7912460348189341,0.05568735474195032,1.9952255174564737,-0.7439649318792142,0.3435603514234801,1.2570732175818369,1.4838189436727198,-0.26798242207638123,-2.025087384882575,-0.3841144006151107,1.7435965025627531,-0.7632591038477515,0.2911984025119911,-0.30711271825800446,-0.07225416683163051,1.3121388829611749,0.25448001425055333,2.0419367315043875,0
0.9762750490452715,0.13123909148321133,-0.09414832544992097,0.33176591388418675,-1.2331796902105028,-1.0576511520359693,0.7570116900030243,0.9195599286969617,-1.3229821781826923,0.8595151749379116,-0.1757145323649842,-0.8312295475015472,-0.31459029105013736,0.8882789840799736,0.6087844465909394,0.29731402028122356,0.378485167962419,-1.1409126533287863,0.5468312408461358,-0.4572433915060321,2.0212383797179796,-0.38003446439234545,2.226179284338911,-0.16119668150709057,-0.09490033325459998,-0.29431131336501826,-1.25811689250461,1.3263468675323156,0.09709622029528339,0.6270907031279033,0
1.61508985192617,-0.1311308445888355,-0.0927492555621382,0.1449097919545564,-1.2828707504097159,-1.828827445339798,-1.5036905816890895,1.2412585268866552,-0.32596597480591083,0.7843778585054685,-0.25852946853568237,-1.5776594258042342,0.8660606387802083,-0.8889783309659627,0.5798712699120395,0.9235036801650806,-0.044306479925250525,0.4740844749056459,-1.4231138211702077,2.925024115440914,0.4401279966449698,0.7812261751955011,0.9342512255698657,-0.13917608592319347,0.07774283734381211,1.0849595675953727,-0.3677285273324813,0.39113522768745623,0.4677804572632056,-0.734511192312912,1
0.4437938893855209,-1.694322701295469,0.9179624139531075,1.5698711926021027,0.9057361435316915,1.4972938606452144,-0.7621990933293847,-0.22497496635241426,0.12542808851484796,0.12881272787575637,-0.43729683714364903,-0.9131498636995792,1.7269666376835813,-0.8330640634565456,1.6563896778723453,0.4950945074609169,0.20301706701622813,0.5429872511382324,1.5234439298831928,-2.6244610623684594,0.3591393761845525,0.14900523518018213,0.1859426387951933,0.9405039487373942,-0.6103956228435276,-1.1508909728518033,-1.3842501398130258,-0.9073502352243077,0.6874395064024602,0.5048479816515222,0
0.8833303050498349,-0.45980029640291364,-0.41536459525410646,1.6537224410494387,1.0197824864765779,0.7521881222447568,-1.8247545596535586,1.9576976793072955,-0.0919437628926092,0.17290279178743112,0.44756726191996365,0.16453022649940294,-0.17197541346522058,0.14503386389894102,0.6364837028241617,0.8487995228535127,1.2197788654862765,-1.097551871042696,-0.5459177790261381,0.8529545431913759,-1.5702065673647592,0.16159048213744379,-0.7859555645595998,0.5511761680824354,-0.8450783563148396,-0.3595782332254788,-0.2904243634211301,0.24634600935461864,0.9583219748200209,1.0319493452376545,0
0.20494245107117165,-1.1096548817061131,2.579613135263129,-0.08518266956526328,0.27371121292569284,0.2422636206269709,0.3538189609047963,-0.8470603040520547,0.4385728061678998,1.8215016963351944,-2.0091927804223615,0.03231309798617754,-1.121566131338025,0.9888747887507795,1.141134575210248,-0.12765209662926552,0.06088992498031194,-0.8809535224428745,-2.35776608682532,-0.27019820269379347,-0.21370708348056788,0.043030401709953724,-3.2785589032361475,-1.725358108351228,-1.48308303178785,0.08309878855740405,0.5852668684117142,-1.1625754500707908,-0.27586332479338715,-0.5788974945307866,0
2.0320048523610543,-0.3848056504486087,-0.42703309825840297,-0.815996885108216,-1.9009778711237384,0.6464826805410191,-0.26643377031472937,-0.3883715222041432,0.1823658849391766,-1.5778203390888321,1.7705707820409242,-1.8206081154065021,1.7763494821795245,-0.01492703274372733,-0.3863000052490889,0.6711451288781735,-0.3463826314197407,0.9318014780351929,0.3079081870261429,0.7127570740718823,1.0401057794834099,-0.17430457331712423,0.9645860728527987,0.5179189335715011,1.3339655171856741,-0.3672580908363975,1.3656998997467058,-0.7730924452146298,-2.0070360992132548,-1.3648224298053189,1
-0.3318781396937319,0.26254839514314,0.015948303112529483,0.7867086588292219,-1.2006031709854192,1.7244451021051783,1.3453138241441576,0.9351719166793743,1.2651607971815015,-1.5527217058448595,0.6989303233840221,0.7403964277016264,0.9673969246784446,0.846890575244386,0.44453670341677887,0.4044826315692662,1.1923348771223776,-0.6233540260376959,0.36688700867974705,-0.5529967079677155,-0.15209624906001856,-2.6723342651082,-0.8705604900618225,-0.43632529418154103,-0.42314396213101535,-0.33348311143790765,-1.185005033666075,-0.3324286653085972,1.085415755803877,-0.29855802939431364,0
1.2982021508950312,1.2325058486516187,-0.587046809503501,0.5693759983070107,-1.3130416742618423,-1.0539037866916343,0.11174370407603715,0.5085546865458167,1.6133685275522813,-0.1628936813378085,0.17555819354762753,0.09781049520559983,1.793550080582806,1.3423088944164943,0.3846757193909808,0.7938748548636325,0.34969985838364703,1.0747740108432822,0.8617892445427185,-0.30206173066683106,0.09944381950166148,0.16185149655767858,0.15185190941346924,-0.5078031020922831,0.33690305831430617,-0.5090501635923191,-0.585215859251636,-0.118742486855484,0.26943769968387465,1.2256700947814896,0
0.7100554852628524,1.1101277843440687,1.7726452587498405,-0.5853645861361194,0.711229866761133,0.7512210195272245,0.25590947055464086,0.8928025707900891,0.0875472879850278,0.6707962327028543,-1.4164578041284748,0.002123899008694783,0.7083530572716006,1.0284158907472498,-0.8608253653765195,-0.081808945596189,-1.0631844350492565,-0.38783631011725966,0.3159408853018635,1.035487555698972,0.9037687892369584,0.22276192445134418,-0.6508970493519431,-0.13934182611212015,2.5371902298982483,-1.3985765310109564,-1.207744084900879,0.17515029358661524,0.7067958421908208,0.8635503736325861,0
0.28814980972449067,-1.5194987350523852,-0.21959152510971072,-1.765748708108939,0.3949447026496015,0.455797060374539,-0.12628859515317625,-1.1829818603110651,-0.8189479233924044,-1.6231946994232986,-0.05142795556916577,3.168239987562611,-0.10208830201166956,-0.42012844925183035,0.21690861409173284,-1.1504488800878614,-1.1158916429373134,-0.6189251157533042,0.8850211687785298,0.333572152537534,-0.1593385137960602,0.7488652693493364,1.7086187832460515,0.7361703441949743,-1.017939037270282,-1.8833513222967408,-1.744373371319811,0.8690248237376917,-0.7577974854590712,0.8183770982271567,1
-0.45478098792375715,0.3880533288018482,0.7010786711387634,-0.7828368001033547,0.8227759652151022,-0.6597333207312206,-0.7020066767359591,0.8210945632325577,0.6320942329633126,0.4600096664610476,-1.1027753270689864,-0.38407006679484135,0.689033630741873,2.2837253567850526,1.811164104568185,-0.46792996221977795,-0.6591124203384631,1.7299346250470278,0.6006937797933523,-0.4678135836473763,0.12668130013406823,-1.249358673065212,1.0089894918610012,1.399844516666026,1.5400789719059313,1.125819543537975,-0.3203967151403941,0.8941453094163435,1.4607373878971444,0.9450901498472682,1
0.853261689329006,0.1912448693992219,-0.905864781630778,1.8553251068582695,-0.03665231400453111,1.2142028459388448,2.4780060764095144,0.9084252136380325,1.1749044606593857,-0.935612555967339,-0.7274047828604855,1.2649740918490153,-0.5495829929289825,-1.341364321447207,-1.6607878988384537,-0.2166458665142798,-0.2292979135380464,0.9978777186019054,-0.9891245930157665,1.3774508010330713,-1.2126143592359462,-1.1859647184380278,0.1384568508593812,0.05313942805704505,0.5796647738051259,-1.1756549942573769,0.3530661194954252,-1.6781573824893123,-2.1951793553997443,1.8280212512946072,1
1.0465541680604522,-0.003731869653007481,-2.0225853780393286,-0.4580635400208901,0.44875204676872604,-0.4602237369173527,1.5612502134815929,0.6292304324842993,-0.92315968170505,-1.595826643486457,0.8746353492674155,0.8410287424321053,0.7560638784929621,1.6853472662184692,0.4576698005870911,0.09382106323085358,0.7644639931071323,1.2347832320992453,0.6874234349630624,0.03143953568986598,0.9682759544843486,0.09615514167015778,-0.48792253964828247,0.12146976681833002,-0.31909374584203,-0.08584814329090111,-0.8460947164249969,0.9990157800026522,0.2138226239051271,0.7105273184838469,1
0.48228519268498166,-0.9021583320115396,1.3231784267979994,-0.22518316775517205,-0.36113446046706354,0.21448461805721347,0.23402757190145004,2.6006737392208166,0.5964903426417514,-0.48556079830577076,1.8980572587565174,-1.630171335376945,-0.4820081853777925,-0.5556714842048676,-0.0042810985669733456,0.3461973787327738,0.4356700671986464,0.41718897277699446,0.6299042583161802,-0.06021038960773341,1.289585711171827,-1.6119422665967587,-2.552305851222752,0.7407425137707455,-0.33120808031477533,1.7173326511652227,1.0426478089675728,0.5888141047635038,-0.4867503123910603,0.6758375825206856,0
-0.3964086393563075,0.0596392841551529,-0.3262920917239309,0.2591470957751547,-0.2508961518053199,1.0006847887374426,0.4526907361038013,-0.509185172569814,-0.44741420947986693,-1.270026185296871,-1.9522823824270392,0.9327796123954061,-0.35615615693387187,-1.2173411845560054,0.44443851930723677,-0.7214581982055348,-0.06930213224183991,-1.292206805825309,0.6490814048478223,0.088055072765932,0.4997349345642435,-0.4276737248344239,0.24712682121900031,-1.455367989998174,2.2745117760454994,0.4147532103378641,1.7074934932451722,-0.26610422577886245,-1.0498666172566868,-0.491543375676984,1
-0.043817675625186944,-0.11657928344286181,1.8615622878032811,-0.8557283424419683,-0.6047721551166654,0.7130040105790193,-1.5866642814265806,-0.04050546234880619,0.14172043332452683,0.4333497400914126,0.34887335945318554,1.9877373594107541,-0.8847625277077265,-0.6443528002265956,0.6094503307635724,0.2263837652488236,0.35122807165552666,-1.4051519328541158,2.1810786031278533,0.4515260882800095,-1.5820931895933386,0.6113053450891148,-1.103358229962956,0.9291307848531186,-1.3155942413384911,1.0060527688187617,-1.2207799300260391,-0.9743255085805093,0.13767546433303526,-0.6116575086740698,1
-0.554427406365202,-1.5298266245907397,-0.3297571717392786,0.883847154658172,1.8783710419486188,0.8275593086025934,0.6847956370583456,-1.6885044763812656,-0.02875191495491361,-0.6516166351813144,-1.510696691323003,-1.2721074956524567,0.6679803593175242,-0.5573410614677611,-1.4750331661994045,-0.636299910773665,0.28946624230039625,-0.6742512389484298,-1.2100933086558159,-0.9202051415409995,0.8844602777885678,-2.0778551285500773,-0.268027509668098,-0.11515013296974284,-0.7558866052927178,-0.958138528822134,0.9834290602012202,0.9800116147520893,0.10531920212431828,-0.5433706383783271,1
0.11262210854617324,0.40438366235796686,-0.11186955300083393,0.4313533369795894,-0.35362446580298684,-3.151305662897851,-0.1934198631689235,0.6849357683193177,0.030658883918402494,0.34366871002279964,-0.2713309413352472,-0.19298577655081656,0.17083973424274496,1.9435567066642494,0.8422820033876633,0.7099748690550325,0.20480581185115052,-1.3317200091149997,1.2256445559497906,0.9072555617792868,0.3659252446933867,-0.04384669716507402,0.5459159881225228,-0.2311022809352152,0.7279454954522602,-0.8379012608749725,-1.910052201441031,-1.20117481660977,0.1410220657003505,-0.30173890568294653,1
-0.1477415181538619,-1.2960816615036492,0.30193601599762593,-1.0366028015777167,0.49657602089223124,-1.414761122581816,-0.8387359422538365,-0.9731656775485584,0.5737972049650016,-0.4618850484342081,0.4246939236436544,1.1404234521147423,1.7800144099727542,0.23115900713973106,-1.101945534314623,1.251228643196258,1.511355438511122,-0.05984291176815817,1.3186376264809803,0.3332984877926815,-1.6591828057551052,-0.6310017304391317,-0.505165355800817,-0.3636825400674441,-0.9334573736922125,-0.9646885515210297,1.3459339760337423,-1.736681774584945,-0.7240275608203686,0.6210490247883845,1
-0.5574828502711269,0.40033855952653213,-0.40138499371394537,0.4374354270262295,-1.0379540659127084,-1.858534276488603,-0.4010922005013217,-1.7881765054246803,-0.06686720340047467,-1.136702412909867,-1.1246998501663312,1.4720312558077742,0.2737181746977308,-1.5362199739989415,-0.048307320396805464,-0.1429517149375739,-2.068467984647873,0.3476517616975066,0.9528221181378607,-0.42284745098666,-0.292062871782098,-0.5572019714128329,0.3854541221428241,-0.24946264528662965,-0.20962524662158216,-0.8094185475445541,2.04133438956063,-0.25961132500473577,0.7005855171508303,0.26546527495335154,0
-2.55963585008362,-0.3706998033525585,-1.152975162897313,0.9767350698833579,-1.2663804056975756,0.4948201656952728,0.9964923248561781,0.28040731757255627,0.0037769337077860005,-0.3959103467189738,-0.12350161928669302,-1.3400985872202658,0.17787649433909342,1.0514878427722731,-0.872389681952901,0.018384661697333427,-0.10346274965660705,0.3126443705574653,-0.536431042437877,-1.50854632819799,-1.1202367095855497,-2.3183867863147496,0.776058414034427,0.39765735140897124,-0.014536008500645861,-0.6970642706442282,-0.16206742722882492,-0.028502917914833368,-0.5212678948856962,-0.48319446612578504,1
1.3094894261415906,-1.2508167631142757,0.9928675514211801,-1.615127813478782,1.6077772159052528,-2.389599607162901,0.46538877548279395,-0.6586966230437201,-0.16702217491103782,-0.13521442291541833,0.6056179096040722,-1.9615733949052718,-0.030793229885821276,0.1852125381335669,-0.6613026838151488,-0.11105623997054885,-0.6641274903004613,0.5547728544993932,0.3639525137436435,0.21698297737360123,0.662387790736803,1.2471877299774838,-0.991508162525117,2.2221324676430547,0.393123817609314,-0.501145566365783,2.299604396866642,-0.4150540417077331,-1.2110884655049097,-0.5098238761368191,0
-0.5578518083951491,1.0849371184802632,-0.11278848679096792,0.10008796589899185,0.06358600104978492,1.1661291864015284,-0.32257193070315365,-0.2050254300176451,-0.6886799299433946,-0.42070386665033777,0.5251574987613306,0.7286563500907873,1.6998310045082403,-0.10406073136443851,-0.26376813272202904,0.3971625964734243,-0.4688589500494598,-0.6407287908820046,0.3235923910014946,-0.39182335227075193,-0.2895245430657511,0.6056892211503977,0.3101153981771446,2.0005300986779484,0.9218188735962091,-0.7673430397164287,-0.39976120740408205,-1.3728279400163554,-0.9729903875935946,1.2622230989640388,1
-0.27776222993583566,-1.3861063285189938,-1.9472086346359214,-1.4716888127717607,-0.8025330482347051,0.0037184699485735577,-0.39654304186065065,0.6984820238187975,-0.9358302854666112,1.2264535243064751,-0.13634465254836536,0.458299722542552,-0.5201924983684197,1.016936736534843,-1.3272300536738495,-1.233950190193722,-0.9695171774651735,1.1759347313377755,-0.23708001824216063,-0.9483903441019326,-0.19640523570826476,0.17199955883027698,-1.0770501575449503,0.1595649520252739,-0.13609844609640567,-0.5058570349019851,-1.2663386882258714,0.8885444296734493,-0.4687980914615601,-2.934699908888795,1
0.3560202629038263,0.38092218078193796,0.9329264713762416,0.4132322307244956,0.13841788858511522,-0.4868727882197427,-0.48398490960765755,0.6758516500012259,-0.15677831493410813,-1.4372794875696595,-0.34419370962956874,-0.054247034011086305,-1.9906505002607764,0.7467751882935244,0.0006421949539672825,-1.3627961642216557,-0.2974403329533588,-0.10227991918262092,0.9459442845903425,0.917161634281874,1.0780835352515172,0.37588751779201157,-0.6534691298537096,-0.9072175208675034,-0.7007088313181558,-0.06586772052764621,-0.02514130754117791,1.0289658476135943,-0.25434745576341644,-2.023749311574135,0
-1.1926491707506424,-0.9757748229970509,-0.9767062800235837,-2.8057362598501214,1.5694606797741684,-2.182551717216798,-0.5737438642537313,0.6583962388296566,0.5896736349093253,-1.4696836330008851,1.2067399641035679,1.0610979508027982,-0.18141655724200229,0.027251449866134533,-0.9137162740159278,0.25241752278711366,0.22616590486337554,-0.4867180018791473,0.6455446802583811,0.3315117151525821,3.2133073976335482,-0.9016604257662764,1.3329045430141635,-0.8523159100216734,0.527447170003529,-2.599428320939132,-0.5123536086954812,0.4720671513221754,0.23991111025989972,-2.0051341261360127,0
-0.4118888488078044,1.4767177156056468,1.028944543636571,0.9604618631808779,2.3522034237879503,-1.7449032149910262,-0.3944141713227092,0.031073041878529623,-0.7311862729685048,0.12486739794955672,1.3009801403784078,0.11032384995498269,-2.2039736801380165,0.6769080664742111,-0.014992720526345012,-2.179270072604004,-0.6155022437759661,-1.7356998945434072,-0.287827092775535,-0.5039325118897117,-1.5251465830727617,0.2510361368185313,-1.0826863951881067,1.3240345412611465,0.1681954397921096,-0.2608166641077575,1.2540693914588141,0.260242282189943,0.3466034099409099,-0.0650146724605728,1
-0.3136769635913924,0.4041817967680065,1.5240208837730123,-3.419595586319025,1.8682818039820734,-1.0080511574353368,0.19242153067343257,-1.7170298210347146,1.491437597073115,-1.3827645971808609,1.1223301964319432,-0.24117837171307313,-0.16271142369248348,-1.259200223790296,1.2191676867364427,-0.14746860617383906,0.717672444365739,-2.0662787175673425,-0.891241354699205,0.25070573474920355,-1.5778719789464628,0.36125683959195937,-0.6618645844774161,-0.7777012947139739,0.5127439836009762,0.17076747542862325,-1.1240065943639759,1.1231417123081218,0.5054650273685364,-2.01449099994346,0
-0.303177822826214,0.3732483154106097,-0.11116762041594613,-3.3234515970767493,0.06351145225160737,0.7575507093014701,-0.08142388481489593,0.05547954808763685,1.019903464142667,-1.5842374447640546,0.73641737390117,0.3395938032970505,-1.623652348560772,0.6977291838802457,1.8061976019314177,0.33382368117635214,0.554470006915165,-1.0653839082257595,-0.61859811474923,-1.0179037474548305,0.3958260233567267,-0.5179719715444376,-0.5796935173244737,0.7037458422643167,1.6697292991776376,-0.0876559693176446,-1.574925586977784,0.04016760220470745,0.19156090354731586,0.8314091825891786,0
-0.32351627652589743,0.8810083263754199,0.7276396568778688,-0.2980802603840003,0.8203055881861538,0.9301807849473567,-1.0911216521922695,0.9603549419164392,-0.11997638482262528,-0.24745449738374045,-0.1079486245968288,1.2412076779175811,1.238450899185154,0.4763283123433661,0.2695895242558585,-0.10429831031570505,2.698463905125422,-0.6847868143406272,-0.4471821870354685,0.3024395369679446,-0.906684181580339,1.0487550252765991,-1.471347207138895,-0.7138656635722619,-0.4017427849441188,-1.0046698237346998,1.040975763063204,-1.3149893954715748,-0.9631848595284271,-0.676883852512274,1
0.842995204520431,1.4524706462732875,0.522392829432943,-1.3136933311583485,-0.6201888233716866,1.5720814659343856,0.028862222087870728,-1.4458052379056445,2.194034271373973,-0.569786503698341,-0.07153191567021694,-0.6847436599546883,-0.9555720234850037,1.2959821768350874,0.19622760492228256,0.31530772856444683,-1.2795208200452655,-0.299275584153487,-0.6220265410282452,-0.8256544086640547,0.46731248415009224,-0.3378639811309925,0.6926337582110613,0.7207369412686814,-0.4350128672120937,0.45395818313051645,-0.4621974229587855,-0.7879101040298123,-1.0602648184669095,0.08597241694415701,1
-0.7419921669442875,1.378145615636977,1.6259846743634094,0.4749236972735342,0.24351130190333778,0.018576036626480143,2.3737306291034215,1.962429414102819,-0.20458430238704076,-0.19889564169165921,0.3269319335764444,-1.1795967761078436,-1.7998965912572198,-1.3379583491058842,-0.3016990621332943,-0.94496269418867,1.4548568772956185,-1.4692562119942343,-1.3354646814436462,-1.8344239335984316,-0.6453101158423783,-0.39832262556577885,-0.07956011292928601,-0.034798666710244036,-0.6217893533499241,-1.0524568330891158,0.41885675576923975,-0.8997014889873485,0.7811667991562932,-1.4824087066900025,0
-0.7481632568206183,2.042238900961113,2.1785979238382276,-1.3610625640342848,1.2074526338788973,1.6135426256767107,1.063117471820778,-0.06682278080742668,-1.9299351354506886,0.08470695022739522,0.4115001548053543,0.23841556433398212,0.47695625992713053,-0.8120994202365807,-0.48381960540572655,-2.3941044603241264,0.8902214957056781,-0.8976646276583108,-0.24908849995732263,0.2531659490620258,-0.560574023934609,-1.072516121957274,0.2558502905150002,-1.7834660345038864,0.7668501248154378,0.6604424584567778,-0.5497217283709742,-0.494027672631346,-0.9877621369916246,-0.3821935628600092,1
-0.20083122930075603,-0.31846939766651855,1.4486654798178502,-1.7490559629814504,-0.908022349628187,0.731423362989669,2.054904103548758,-0.864014842908366,1.0121302491797584,-1.1501211418187298,-0.38934556923549835,0.010162188123134535,-0.6905157631456565,-0.4192352409782419,-1.3635979979446013,0.6742942084074393,-0.8980466608301743,-0.6638475078948616,-0.7819438518030885,-0.7287722836856775,0.1445257272843004,0.06273989486509585,2.5186020562245313,-0.24508111908840427,-0.10042544469865036,1.3369945836476902,0.22488470509004319,-0.09872323144395229,-0.13355859561699665,0.1939838818882506,0
0.9747746264198365,1.3453472307181933,1.0315371687004968,0.46687972350425927,0.2107610835005866,2.038158703468451,-0.47446491298539906,0.6982345616346199,1.1742132140922303,1.044306694400632,-0.7623934191747087,2.8151242754501333,1.6705403470535514,1.0599819000174533,-1.006430201784861,0.9797710333250291,-2.3114312661856333,-0.23221161890018235,0.10666860876921251,-0.4492044247184284,1.5833028341499598,0.10375524302211009,-0.9612191783909684,0.7531304902772459,0.3984166998709526,-1.7532176537286746,1.3379552816347444,0.10128877798438359,0.9852559107759729,0.4105259838833084,0
-0.33686010762688795,0.42424726217695846,-0.10075684370140228,0.2907946715368234,0.6012598448519053,0.14691235900946892,0.4651102081175636,-0.3720823681753384,-0.5714339525012082,0.7748363021176405,1.4501856993102953,-0.5174995475923096,0.3151669735956401,-1.40907440394784,1.8047157951651653,1.1460252119598335,-0.5838047327200978,-0.352898937758315,1.209262954810792,0.17592334670833107,0.6327916788432132,-0.9862054130910858,0.5769120950917713,-0.14858579261403898,0.29884903277793123,-0.39751164330767813,-0.2109741333689129,0.10387731927723261,-0.5851334285507365,2.2683039207404505,0
-1.0547833618287916,0.49985425369576336,0.3027330316112627,0.7609190733187259,-2.500556295242527,-1.6869397167035713,-0.5484499815709954,0.9202446795605189,-0.2640338841997067,-0.3048050173073487,0.015787412959873584,-0.8410073068360007,0.4700592649890916,0.19199238977710373,0.5024049838993191,1.51617867225896,-0.23017811017595396,0.11017540737145055,-0.9854393060089106,-1.252674061738745,-0.007415626550392399,0.10292019998215898,0.6894011489932174,0.5753523197447844,0.2543546004647583,1.684873660740756,-0.3120812896435085,-0.18963684736906847,0.28324903453611305,-1.1839042887929863,0
0.687948363586651,0.07144509858750392,0.0902221269779951,0.5427994985104884,0.37590714318730695,0.4110397189170158,-0.3896810722527514,1.5694742497130032,-1.4621550747921246,-0.685580381978913,-0.5525013928349156,-0.7206763002804321,-1.7465995590604764,1.6440553225883225,0.6425019330669043,-0.6313487178351349,0.697175534679047,-0.16052516054645408,-0.2909985023089566,-0.9600857450939763,0.01724076904283616,-0.6323068041941293,-0.9721848276784687,0.9555938901704002,-0.8222718485805962,1.4045389964002042,-0.7146519888467369,-1.5029618949998713,0.5250549321016835,-0.4467754018274852,0
-1.580818464101162,0.25471124715265037,-1.3059092945418784,-1.9891852656280171,0.6770364514253472,1.4889949577163597,-0.39470357678288676,1.211638508414334,0.8020426720588054,0.6672370252575605,-0.16970403143487509,-0.5961328644167799,0.34412199140439165,0.6480150148481408,-1.2606266301269524,-0.32429134555809813,-0.1893340453501742,-0.2821929812753643,-0.6751066316226113,-1.3326304196835619,-0.3042617698960281,-0.2777220172350952,-0.4727608029507639,0.6493323040734289,-1.3686204003256548,0.28039321030277037,-1.7937302754962319,-0.06624622281957623,-2.255601327681156,-0.8898575447276303,0
-0.021948025009867887,-1.425011774451716,-1.418536054360771,0.9818944603023924,-1.5955764325837725,-0.11883486611712502,1.476041055135268,0.14242195019700274,0.028943435521317055,-0.7135465501216947,-0.71012806715569,-0.16777473217445488,-1.9965522899820627,1.0127222672804699,0.2075702446057907,-1.7477889195976266,1.0260242914686317,0.6792435089150292,0.4390888937288941,2.2362630185791827,0.09633622568501723,1.530161215879449,0.025511404024846224,0.45242609607501894,-0.5533426233192386,-1.88532245748298,-1.8265846776147143,-0.0844470889992517,-0.2372566262236058,-1.1799701923673087,1
-0.2771663330429417,0.45013563416682234,1.2909191261834523,-0.6921420200323275,0.3929167332889324,1.7392289393408646,0.7500028245587729,-0.7694649692649363,0.10139778926308293,0.18477334115157532,0.6374606215141603,0.03906243212025105,0.4836304089862251,1.0196861433943658,-1.0518208534425546,-1.3206047097076632,0.6088264982078587,-0.15327640623090638,0.8631109666622139,1.0876741711576596,-1.850399677346306,-0.8370352024565603,-0.12514308270204536,-1.02371019800964,-0.4729647192272175,-1.2786785660045876,-0.43859445938550745,-0.9660316568317292,0.3446239535496994,0.9024201663736418,1
0.4087453911826904,2.5977452821024474,0.9388638007806074,0.901349784270242,-0.08210259002371216,-0.30685756311477125,1.273107565030881,-0.2530299563574514,0.034921239268179326,-0.1721837669490756,0.5399579845627578,0.8915279757884143,1.06432755164924,-0.3037522713632967,0.18215985726934328,0.33136591139931215,1.4642026136621302,-1.786151013694838,0.011445452887984561,-0.6430686589892839,-0.532528541114647,-0.8504897326906141,0.5391212844728962,-2.4507369276059414,-0.13845554950656674,-1.8215433078235521,-0.6925065757635542,-0.2137432666957841,-0.40564174215055254,0.6811480616648778,1
1.249665103557145,1.9581594903964905,-0.007514814388521413,1.1610846444235075,1.4639468815411578,-0.47626476648641675,1.2330933627116272,-2.1756859558209642,0.29770569780047523,1.605461435344296,0.09931640022747551,-0.19038948191044996,-0.1954257699277738,1.4684642286243905,-1.5916792235560324,-0.39100310654192705,0.8423170410777003,0.31789109574235086,1.186869937568103,0.6822618094816113,-0.4718767592228504,0.5814646688958583,-1.31958482021028,-2.0171901692060628,-0.6115092040920043,0.07989504621221273,-0.811628591953981,0.17438039858254276,0.05852741195180749,-1.8601102205572537,0
-0.5396791838995668,0.941037822378136,0.4865144160040329,-0.6964541454920218,0.6189023327154453,1.7551742296749069,-0.4244571541413177,0.74143543160364,0.5836033222605302,-0.4773843562693196,-1.1327978012590654,1.6506665294135237,1.0886246430172022,-0.2780423868509809,1.2135416601182791,0.5548584778201263,1.2062127923138979,-1.7925079198802034,-0.4082915431234919,1.5734385820324122,2.651979709898847,-0.38977392777412045,-0.4071836999531551,0.6830619862467773,0.3442604458034064,0.533281585706987,-2.162284455815406,-0.2387409247852985,0.8053491140457858,-2.354376842293408,0
-1.6174049316422205,-1.7739026493220322,0.65072445176272,-0.9296136659418993,-1.2009604021305353,0.05498147281946849,-1.2405719324424849,0.45159696668937277,2.413926930562437,-0.3686986730225257,-1.9430268190390623,-0.45289564848263275,0.4899617001727386,0.3900209732629275,0.8384381464470237,-0.593794530620026,-0.2800340714613457,-2.4519457204160267,0.6140513150672577,-1.3101695041743353,0.20005912859286526,-0.8712397289270899,-0.08686723919373328,0.9584273663276166,-0.43718425012916096,-0.7396582641970332,0.0025800436120541324,-0.6424852697619247,-0.9418160121297944,1.866589345067723,1
-1.854845029706006,0.6538581305996081,-0.1355998689683733,-0.825834648771136,0.34740088602057934,0.03440488894717464,1.3205300792923906,-1.1345021754894087,-0.5161392505724389,1.0116024143737674,-0.20496182141287433,0.5467530782402311,1.2148029439060817,0.5621917625985065,-0.6111320581483969,-0.3509915782685978,1.2232845267811128,0.15521208136906584,-0.20372437425999035,0.3836099789018748,-1.2842280752999544,-0.23675284151045314,-0.07853569698388378,-0.0948829800152221,-0.3942675194600301,-0.30880031815341163,-0.11396791223423003,1.4602777523147898,-2.2030954665737834,0.6989728574617807,0
-0.08676526909580892,-0.06180147284521379,-0.4061950568929395,0.5018078139084063,0.95020703079443,-1.8961969460513373,2.093939461323067,0.14412169940893496,0.1096860506015338,-1.394215912238867,-0.5710030248670194,1.3590669504249622,0.06867659176645516,0.4157579824803905,-0.4611916294121282,1.9707673050790069,-0.1532609482726128,1.130510868463719,-0.1512706793171395,0.3475363991108057,0.3521996173817289,0.9245677822588207,0.7387710469493362,-0.4740690567742483,1.1590385553340024,-0.9901385043986622,-1.1835452513910456,-0.2914180190303649,0.3934012027516704,-1.0222582320083289,1
-0.07782997390270205,-1.3847644583259031,-0.26956156547664384,0.9718367932619041,-0.8435940557716564,-1.2216661524340844,0.3786248408023253,-0.787591280925419,2.4228524199210524,0.19198722562282747,1.0246272018976383,-1.314674627197136,0.4573686668168991,-1.0060944891264947,-0.179108191077444,-0.7522707372823714,1.0397050846807123,0.3211516136236216,0.11741023695153845,1.3610618706981004,0.015865421018156124,1.030386807249995,1.8005962788594314,0.1401487789210823,0.2595348631096892,0.9545466109636238,1.4367556855385522,0.1282045246270535,-0.6374342202679044,0.86656792799183,1
0.571673957875824,0.8569541939321844,0.6987415069488326,0.2067664996442812,0.2645921753957362,0.7022450677233092,-1.4495273923108387,1.3296804450618955,0.44997884921873926,-0.8461353836594224,0.18511397824978343,1.31859009119738,0.29027680159999764,-0.7320564720601075,-1.2744923780824098,2.4648932023473304,-1.7389159267619732,0.3369134598002749,-0.5865289424057379,1.0424401019257046,-1.2163076973675826,1.6083705948973723,-0.12506176979930037,-0.22014369530387848,-0.3132646558187701,-0.5925936123301833,-0.3687010780160668,0.7183539778181477,-1.721729355306144,-0.7489823770082533,0
1.4951393408418472,-0.09043121278924698,-0.5724320776341476,-1.274785535966817,-1.1702326110811567,0.9822041512377921,-0.8226172390991915,0.8045337568955319,-0.9805146278602364,-0.1257460591788,-0.06908788444699665,-0.7536557228231546,0.07695697903282162,-2.1159002308438772,-0.08851230733827184,0.44516561644661706,-0.8349426678003806,0.21300152209484485,0.15347747607678608,0.1936488795770472,-1.3448177208745535,0.09517099588018876,-1.7222789135385586,-0.6294413561077905,-0.0038598952709307903,0.20834348391142612,-1.209303427815355,-0.28417022481653503,0.794546840615139,-0.9796890184239119,0
-2.153636706185198,0.5295676212387059,-0.9422076657576708,-0.6390944950314371,0.13060195977446468,0.07725861802311372,1.0215399955225342,-0.24184341980181498,0.06830538030094052,-1.692908675124277,0.62821461163212,-0.6913838980019028,3.2310672462120165,-0.21360488557384322,0.42439508393680075,0.6377076525620732,-0.08867356671930056,0.43676017352196134,2.2554478183693565,-0.7537528413654889,-2.2432686289112382,-1.3028949131274836,0.9972614935485428,-0.47905761557190446,2.33191168582729,0.7271132510507896,-0.6530256288795958,-0.7785171239391088,-0.4462674214399288,-2.0644804615483827,1
0.2777442815702248,0.6935231662525012,-0.9673294318043879,-1.5515772320416947,-0.9105555660523852,0.9972272820857614,0.8032210672785122,0.2153371359084934,1.6418699197661317,-1.6890878640955258,-0.20837825157379783,0.5602162069963952,0.7897690863096855,0.8037549110149671,0.7239176436792565,1.3194927111410044,0.7611684212533016,-1.154414487161666,-0.4548370004268819,-1.6952503211284262,0.996314575735576,1.1945836480554992,-1.2203704417287489,-0.37996995921404775,-1.7554251026751162,-0.12101503101053115,-0.8269961729598951,-1.1677093523355537,-0.024765849086687195,1.8818485598947818,0
0.7951158997252479,-0.2517350931672641,-0.04857186676538267,1.8783241133069268,1.2586391771941234,-0.3106633260229256,0.5011770062748038,-0.9985915507211254,0.024758371426044767,0.7642135509851081,1.0203508685720983,-0.6401341199994649,1.0017566076933588,0.1484406303830588,-0.2885293851112636,1.90928068360506,-0.3603380805383656,-1.1079646833389534,-0.6724334479498478,0.7256621561196211,-0.986705663599245,0.8293636513131292,-0.8534833856043869,-0.07507285344554833,2.2101470055362555,-0.8825002334661377,-2.0200563497768633,1.3674889926807534,-1.4003153797697843,-0.8124073909436653,1
0.7287327790142905,0.6886810011752856,-2.373968680292793,-0.3430915395557068,0.8521930727156913,2.028515410055944,-1.2388371408054057,1.0681385275446083,-0.6619927407560352,1.041625247750542,-1.0403431307358442,-0.23003513079300109,0.3874064898201594,0.9542441726387069,0.5703082698237446,-0.4292301116451869,-0.5022645244684646,1.7789816205872944,0.2771973670010076,-0.47547442039293436,0.5380540341392493,0.6228303409765343,-1.3534192415296893,0.48627425986706924,-1.506412531042692,-0.6448530784996711,-0.986282419092942,-0.12917521916715302,-0.43709998003231115,-0.2001564116912635,1
-1.8948222351619373,-0.07612224563916106,-1.1012877400778913,2.283512770653843,-0.39963989754247786,-0.2578113670415311,0.6950468290612218,1.3224936773327844,-1.1776174424205708,0.5730465254355958,0.9662700310642289,0.1846605928506124,0.1646253009709484,-0.5119422400150059,-0.32217921384610915,-0.10777268475953623,-0.425919117979052,0.8880753311408311,-0.8718474092834482,0.8554759812059397,1.327799702326695,0.3698285751551922,-1.7894869552271309,0.612197014884913,-0.6437160009097173,-0.5276587839580249,0.3619603731132416,1.1054065716017525,-1.6613760493272873,0.05757262087575475,1
1.9917465524318518,-1.0989809470320575,-0.20040826345751478,-0.6159917816543021,0.7033249599776067,-1.2504774318384617,-1.5704826224938155,0.8320365026138821,0.23865829407319872,-1.1861948094667645,-0.06847238993702258,-1.2818328130099663,0.9222837861688622,0.27828679533365763,-0.714661323238107,-0.5801542319466332,-0.4591937545410011,-1.0750093635060085,1.3399848254400875,1.1631429912970164,-0.40126300343877896,-0.31450872221466103,-1.1229299756789068,-0.1606178549511948,0.4892457583588138,1.1811930588989452,-0.8961303391059782,-1.6847408229260477,-1.007147925422073,0.5562146875053993,0
-0.04350914269265949,0.9923830337793592,0.04158849279458598,1.615706069938428,-1.5856587382935483,-2.4903820591716204,1.3532224935636465,-0.795786815618009,0.13759080516769637,0.1343900725995843,0.32681745172588006,-0.47372378097223294,-0.9518664506891692,-1.0318716008228255,0.6036637833287024,0.771498660095248,-0.2500898363837331,-0.5967992895372457,0.5686709310066976,-1.4816224346749636,1.94969810687617,0.45237575588749934,-0.15947505681735738,0.829901377629984,0.6306636807700956,0.23505443991869385,-1.8902553971813667,0.41095009612595806,1.4558857980202435,-0.5552187892886112,1
0.9586490054947152,0.849035432119413,0.2940741361458426,0.17016484383658384,0.5598454897718447,0.4158319318531039,1.8908603981066283,0.966755222231091,0.7071123887743151,1.0571934367503992,0.7077978471856763,-2.080816906933507,-0.11675388519576037,-0.6195693494481668,0.32796951047380024,-0.556710987804982,0.5911181982572642,-0.4211182223898957,1.6976832365986965,1.6500700798527534,-1.4467370576397276,0.322871485764577,-0.4618794804978086,0.25201408444349754,0.5866894501499764,-1.2787517334481502,-0.9736054020953662,-0.8491657211381343,-0.5514179764903664,-0.5222548425345492,0
0.7967653587076301,0.22249142124661345,-0.8711552836685802,-0.31962606771310625,-2.3696716552419606,2.019714649831828,0.018069052479503495,0.992603153488354,0.7931711335063847,-0.03606775288692256,-2.3819105989710567,-0.5579299885321574,0.353614655621551,0.060509259687670645,1.040374711797038,-0.0019613392253124834,1.8420653338490136,-1.0596446018498737,0.5176800358993898,-1.028933873280445,0.9140826558520122,-0.7531019444940558,-1.756577865987436,-1.4863158752646242,-0.47206674253860403,1.5586366600655972,0.7413911408743439,0.4468851836222359,-0.06506565408512091,-1.1263157095206644,1
-0.9328055551016755,-0.5517514358635741,-0.6423596930325762,-0.6567697223346567,-0.9514135459966281,0.006081232051296343,-0.7512561440703069,1.1316354053183943,1.1215735828438245,0.6010201976314393,0.4855811752508501,-1.552201354948789,2.2908254172678175,-0.2815930600758093,0.7937136042320482,0.8329699701079489,-1.0412070380430496,-0.6278478012532033,0.3979100930284816,-1.5460736896840912,-0.08937507856749989,-2.3951025698900734,0.01013435703382965,1.3752016498353954,-0.002405255346777801,-1.463254317062664,-0.552863851572527,0.6151163402610318,0.1667936311855454,0.4519326236980232,1
-0.17226036750647286,-0.7657587923530087,0.12542156514723718,0.06794263089316199,1.0271728615793028,-0.46987205366512824,0.048742273066705595,-0.14521836946757458,2.2739638146896515,-0.7529969311376409,-0.3846250824229431,-0.9574321599454809,1.3038349908082352,1.377954965571854,-0.21689808979040576,1.1855938178784722,0.3281015973317339,0.7020206720055898,-0.9948535523193527,0.16137768782889128,1.8723707210713958,1.4774525893398631,0.805299789114926,0.9510632555528246,2.433008453836566,0.7857662489526909,-0.6616831885271078,1.2130109857705396,-0.07430685153698495,0.48877575881441543,0
0.11849392282409062,-0.708785988025381,0.308500731869465,0.9668745544013315,0.7387556365413529,0.4799304508839281,-0.20064357815515316,-1.658967241013723,-0.04739486830475534,0.5542887650066243,-2.158812434245669,-0.06700424519071033,-0.09481794286929124,-0.9146667510135988,0.7604167196642997,0.9441918288660024,1.8141392232358786,-0.028198089869373225,1.2915118438962883,-0.8192543294809566,-0.37119037466996246,0.6794811504453716,-0.6560345788235866,-0.16217625440758285,0.8395560298450712,-0.006047338755100124,-0.9196381111999183,-0.5895522755130861,-0.2733967020574851,0.5875485174177842,0
-0.32492318815858323,-2.4490271529084455,0.7862742380715151,0.6454440259809328,-1.0655420278863688,-1.1333038823686166,1.3510931412623082,-0.24059668824199262,0.7535757145053155,-0.6939712306024318,0.6552755929687155,-0.922852968967622,0.42228503111896626,0.35689537729081455,-2.0645937834641117,0.12397736673574675,-0.7186144429665321,1.0930052030854547,0.2351957792331604,-0.24730022631475712,1.518853445466668,-1.9032168783001049,1.9272924024162814,1.8754506084226676,-0.38968923276383055,0.8883975829358929,0.4853643758160456,-2.485189421015315,-0.11152260857859972,-1.265047380315984,1
-1.3562253771746617,-0.28647029076269165,-0.25178568614141816,1.215816687820628,-0.7524942690912819,-0.3948163395721372,1.3673342861581048,-0.1837017411455107,-0.5131433132021963,0.8568559796307017,0.530632218764139,0.09992904040217224,0.9240518053349435,-1.2476718649856005,-0.5818834252121657,1.998336979330371,-3.0344570832229456,-0.6728189820642355,-1.1834369204059982,0.0710183142752607,0.6049389899169374,1.1069619454726531,-0.4103838838159781,-0.9227861500347239,-1.451269754997288,0.04792495476777638,2.127298667120222,-0.5876969736675316,-0.0717805389479942,0.13619188606054344,1
-0.4228470433216434,1.4232469591806107,1.2093221759631287,0.8182671393719549,0.9605340100134048,-0.6852346225553373,-1.1478996933231629,-0.6773383157516635,0.28041329001113224,-0.3245740215639979,0.5690914471371048,0.10821937414232384,-1.3393202375340088,1.2407776197784959,-0.5113226437260185,0.7863020990397029,-0.8476063963714805,-0.8810448562949563,-0.9290044769995157,-1.4318445644154327,-1.407867889572929,0.38061854891966884,-0.9275075693748978,0.345928791821187,0.10176201227074792,0.8800595357599192,-1.0184798271690902,1.060844212888944,-0.9058519105261646,-2.7424197611420005,1
0.19025540099587523,-0.875181352110452,1.4998179312207212,0.3009889347739398,-0.08518736891841655,0.20156911464976277,-0.49737101775392834,1.6842793956359927,-0.548121137325781,0.4633041134072579,-0.8189632167812497,0.001658827983061723,-1.2370192090072925,0.22860433437970462,0.0648175120991695,0.5488458471258355,0.46813101616537117,0.029113405449468884,2.0394912554348976,-0.018288199102788304,0.039168852069882215,-0.08522638511373913,0.20260199936784662,-0.2860728153009572,-0.36826607714359194,0.7520616347935223,-0.04839856079671691,1.0540042661495503,-1.8938854341315725,1.5228181277563206,1
0.8952492388399417,-0.05143801012439347,-0.07753466503274709,0.6406825039283714,-1.0263588512827793,0.03840298067919414,0.15516113747254665,-2.044002111861593,0.3479687113906797,-1.3522472678793342,1.0829661961670785,1.3380596033025236,1.5105525639786814,-0.3224349646346597,-0.3364264311007648,-1.976281665819701,0.6801969332982273,-1.5086564435306027,-1.449135480663816,-0.3037377641629789,-1.1057288754821004,-0.9617448173945071,0.047095267939809754,0.8814704306567314,0.5394979676687094,0.18944356198002413,1.1469109536633424,0.12762082209938824,-0.526665481926501,-0.7700700598288903,1
0.5523479935687082,-1.1010432421822784,0.3488117718848026,-0.4283657827765892,-0.8379801846759422,-0.8552493116298289,0.965344090753201,-0.8575627922882415,-0.279218547522995,-0.46866377308162754,1.059152661760093,1.5383045283351098,0.9088476611837835,-0.3756462495256071,0.3422595000339379,-0.9096937311462564,0.21042299942108686,-1.7570895797311898,0.23528528878698013,-0.055182026072017526,0.44075214262240503,-0.012319870294594281,0.8350565091069597,-0.7634943132955437,0.7564726149833735,0.47231627607066295,1.0894922772116833,1.156694887998466,-0.9519090709349632,0.5170326778564516,0
-1.1656840910897364,1.1596676372553874,-0.8531244870136745,-0.3800233943670048,0.21755409214861474,0.73847878137106,0.3713026930258938,0.7656355206077315,0.01248057134022482,0.2440984706766592,-1.766816091945759,1.0260901764058759,-0.2911710278945333,-0.4304372182100864,1.9368081496796676,-2.708831164152435,0.09528933366430142,-2.2398677198564516,0.3395018552402288,-0.6991211886362485,-2.9342900783667183,1.0891298560548706,-1.2897720092442297,0.9487384225887329,-0.9746661114128895,-0.4642802603393493,-2.2835930630185146,0.42464086195088324,-0.573934115229003,-0.3665594596645678,0
-0.0950263591264953,-1.6480139008736396,0.6911021961485664,-0.5635001846560043,2.2951968358589925,-0.4795971484783782,-0.38957257853723887,-1.3565836894037957,-1.6136097666833966,0.8776868900979633,1.0611440050079581,-0.5653998008280479,0.12132408086130958,1.2418658741712896,0.2894655749212109,0.48481619108266355,0.08726657269835804,-0.6525148352674642,0.38545269915728575,1.864749285013105,-0.5204203742625019,0.8674658893700783,0.18136725171761997,-0.5897885313845831,0.8952803461186203,0.7789943048265779,0.58039400209617,1.7486156274762772,1.8355471885773198,0.05396709094237333,1
-0.10611253379572969,-1.427376113740567,1.5332032385239096,-0.07303300631195725,-0.6088353153537506,-0.9334213972005915,-0.940542527360829,1.7587187436009581,0.8982783652309845,-1.4879893004762097,-1.4475553133297,0.12186517101588126,-1.0164615669719363,-0.2520580282720529,1.5530219173253348,1.0694172970033646,-1.7113795830524952,-1.011117351081861,0.2456953817181594,1.1297666871226784,-0.8218646293352382,0.3685259587255435,-0.4549176866690921,1.7520636646914163,0.6224150192294601,-0.19326214383272394,-1.4946666365316352,-1.0614544062318605,-2.525226046229967,0.2722471766761479,1
0.666035086065647,0.7164560887943857,-0.6139922118152785,1.280075153644215,1.5835597429667636,-0.6653645395061436,1.1815118875381865,0.13985874881010013,-0.5267625941813681,1.2311961996468992,-1.2065167410316684,-1.4849418454974557,-0.396205273134166,-0.22853486030058368,-1.6433036394156468,0.49066420216763607,-0.7805126367192786,-1.3093495285787489,0.649671711144648,-0.42940964083406985,1.057568697693153,0.4592402979560773,-0.19795202432366854,1.09797414910295,0.4203698776960417,-0.0197266190060874,0.5117138648791327,0.5442580296732588,-1.0943913874164126,2.358188548571764,0
0.06764311942724284,0.0876443550708316,-1.757118340790932,0.1285355761467124,0.17181050131857573,-1.1498014938708028,-1.0395628050564187,-0.8992951702991542,-0.29509558912761685,0.2132991784344942,-0.22298255160290353,0.30275305870107744,0.67527520016641,0.5428880413318314,0.36410143881158696,0.2856869235675547,0.2891906241493146,-0.14676358837164155,-0.6598320779265393,-0.09316635724795035,0.6531528712426454,0.6474843278479423,0.5078697235597234,-0.4752003687723464,-0.21646178818194295,-0.21264402420422968,-0.6070615640209645,0.8939471983345086,-1.8405931454089086,2.0220077740560707,1
2.0738839516080736,0.05000727569717286,0.4052014122767248,0.8491627766840968,-0.7579371753220423,0.5676026448391326,1.3190593187445363,-1.8027177166214243,-1.4406716177753762,0.7501979016504952,-0.2700812987228314,-0.38662154013864186,-0.32716996284917926,-1.1269716474200473,-0.4101981255072823,-1.320354761431981,1.308722352188515,0.13326322171400634,0.106552757295622,0.6666429818129799,2.79021295163061,-1.0524914746961564,-1.8422209517017316,-0.030686585680356815,-1.8267282398996434,-0.3386623091942873,0.8744883016924373,1.5279925554952445,-1.5657635797222411,-0.9432728492345019,1
0.3634593311336198,0.7539616360062551,0.8108051947990885,1.4751161008430678,0.7285986044342572,-0.11987349126775533,1.0619832489566443,0.06980752063509563,0.27471807826304695,-0.494223315852154,0.1567552934622939,-1.6296284642712726,1.0347292327456747,-1.0091236816872737,-0.8880603921609435,-2.3265397674968082,-0.8225018007837286,-0.9584148758864497,0.21728197113918846,-1.294535951762318,-0.44405956068945646,-0.6800874543300446,-1.7601313654135338,0.23811473588221665,-0.2192398553751212,0.039936630424560776,0.8301926527195945,0.007534046505369799,-0.33296463166735984,0.9226153060732654,0
-0.3256885594894533,-0.5045951566522741,0.6695617286399719,-0.7800228610921247,1.1672337033807632,0.16039925571909053,1.5689886651075904,-0.059901775588143746,0.9482609197980524,-1.6391571822504298,1.282093882108782,0.6892904733674291,-0.6454641743918265,0.8649291476268409,-1.2671688881421692,-0.4973314312234831,-0.8510891604034934,0.9199962877339983,1.248328962358667,-0.4489504968232,-1.2714192553443233,-0.9768743868788738,0.09207262351085718,0.0292815410506917,-0.3400901468976672,-0.8297028071296249,1.6284249476310786,-0.6200008819863293,-0.8328503188158666,1.1473273634054124,1
-0.2824874318657584,0.5119180145321868,-0.8751663047709103,0.5060831665115442,0.7351939417234137,-1.1162954024997171,-0.534073787434818,-0.9048346127658334,-0.5280258997506421,1.6010791951263117,0.2568938286817214,1.9480299880623466,1.4827751411520778,1.1308901360773533,1.4543804940150993,1.1599300426639048,1.7045190659120475,0.5446605068274026,0.6863224307121558,0.6579291351668479,-0.43946439984735436,0.8461790303806596,1.2578036387555533,-0.6004122700895892,-0.8572408574609954,-0.5510163127284874,1.3567388546799588,-0.23711938485432682,-1.1041341855493758,-1.0385348851182934,1
-0.9038289448084758,-0.7128722873050157,-1.3989502496516082,0.6056139047052448,-0.18933511042169412,0.5344514394080779,-2.297421976384114,1.072424657687685,-0.08211378109973205,0.5000143469887498,1.5213256920088098,0.36784906743493484,2.1116030403969965,-1.8797242587917211,-0.31756332462025827,-1.8034671779371712,0.31439933733295417,0.07650209132490758,-1.0921814812613233,2.1735089632956477,-0.35943110662972694,-2.20618509006564,0.6801850793537515,0.6956771613837678,-0.47949313762169005,0.7883637773917908,-0.9502447067543882,-0.4171452859175612,0.3937052339896242,0.9243361197269969,0
-0.22421156578380078,-0.4824118813970574,-0.04121640882492531,-2.0463895458045935,-0.27956059390584304,-1.9805662499764216,-0.841617583430414,-1.4223953676307346,0.5282567429172088,-0.7309275363039018,1.2379024378641053,-1.847232177432397,-0.24350079384886777,0.08454825460003243,0.4900724845044281,2.153591280203706,-1.9667251743630083,-0.7575736723088795,1.9969865492508179,-0.9210785430943239,0.44175565440707676,-0.9397651864827626,-1.393980040306884,-0.8155368525510382,1.9776238614533186,-1.1665541280767935,-0.2982156553569982,-0.2546340800140226,0.9163419603607127,1.1288866341923478,1
0.10775353137318429,-3.1897298160324237,-0.8892318159494631,-1.1980193218725934,1.1586819254809262,-0.921054924401016,1.6834924654823071,0.4081889659022342,1.1347978243788246,2.2557711182071634,-0.9438270093939698,-1.619944612817809,0.18699900899059502,0.9540763633057895,-0.6648833281214487,0.036386361220693574,1.2170382081531645,1.1180598984870642,-0.5817741816678438,0.2713431273066097,-0.9357164249069743,-1.449961620739556,1.3582235788154737,-2.1332041232031576,0.1909923093360041,-0.3702943513540816,0.5487601278914307,-0.6849970116079352,1.1416166836683566,-0.22222345429026413,1
1.451443396471826,0.21885611997721935,-1.049817574142346,0.5425645279047974,0.41759212733800194,-0.10701062148486899,-0.7483586520558372,0.8606366363871555,-0.9652215845346808,-0.8600165269823576,0.5274726957311137,-0.21081915692749667,-1.9647679787424366,-0.9618880242801982,0.40584755950348383,-0.26975034953297594,-0.10109822788205915,0.2620443151347041,0.4563005709116243,0.11611071472895856,-3.327995360156236,-0.05522287213204263,-0.5163403813620056,0.030631408448489116,1.0676930036979055,-1.072461706113602,0.07026387337378837,0.47704356553152955,-0.3095296185745279,-1.3090747246574257,0
-1.2038962277823402,-0.034548927590239586,-0.6203574371003251,-1.9278201807581086,-0.7981222683498029,-1.3005713898431823,0.7483962755118267,-1.484272535248843,1.4203996248832806,2.15971696781953,-0.7405866483572974,-0.6137727949425216,0.9437617536774595,1.084008596108855,-0.4924213864411866,-0.43974588247060253,-0.4315963790817109,-0.8516903693171922,0.9114986157265988,0.15542448886139024,-0.7253413653207453,0.06461456068871979,-0.37832308922317553,2.5034907313649395,-0.24880125417264054,0.7401959155447528,0.4347030674144106,-0.15064691076598086,0.44026137316104835,0.21049026364770032,0
2.486772339262802,-0.09709139655443595,-2.606799972174322,2.189040792578417,-0.5096412404591235,0.08646605891261357,-0.5437767699456029,-0.5989161891103919,-1.1186618728081081,-2.0024863660819503,-0.7174904069942459,0.5142483543706821,-1.6464172616744395,0.5053435085020188,2.3197473416572088,0.28679570551828565,-1.3894751611134633,0.40251313889557566,0.9576114265953137,1.3042298244319548,0.18769921204626536,0.6044391547958442,0.8502091286116726,0.6022674228809879,0.3183495751955019,-0.6388511185090853,0.9544214837272257,-0.5358241736652111,2.6024805950936587,-0.6398224930811675,0
0.8025815098669357,-1.2775112416932586,-0.4767338696900685,-0.5892190942266843,-1.3672653194162459,-0.574409002176886,0.3603758235471534,-0.2474054670900885,1.192967369994677,-0.9314132466100267,0.6973235588469432,-0.5925748898483244,1.1291771698731827,0.7833687398177517,1.0130037402901568,-0.16136774920144534,1.3293569447486893,-1.659967056806656,0.4462861887515074,0.1382245626100603,0.8339871678095235,-0.07573696585005127,-0.9840498839514948,-1.0918466779689082,-0.011809569027629857,-0.26011642224723475,0.8569247222586707,0.953842269572927,0.04782707837606725,0.0256675300265534,0
1.0646123744874663,-0.24493999768837793,-0.20415144254773862,-1.3227410231355134,0.878566682460342,-0.08981334693632619,1.1368543019383832,-1.2070132092416583,-0.49141381794979555,0.946075106325476,0.32619015830335724,-1.1831297533921785,0.9225592057407698,-1.3047944474204873,0.8279603107569345,-0.9796504591761882,1.211475522952091,0.11289042547172269,0.34405117109492117,-0.0810425485981337,0.08767553435062618,0.08296053489292787,0.7056611233685508,-0.062968274350143,1.4623084183233694,-0.7361380768726926,0.8606592087174947,0.5641753051990144,1.2334004083070438,0.12092156394665649,0
0.3294242129238289,0.31809524007137446,-1.2159216201780965,0.3938268196294778,3.269906737386942,1.6091709136297563,-0.7798838046387295,-1.800520282064303,0.0521841513553659,1.0833278431492717,-0.03864800746318952,1.8891965811098712,-0.7802482447548972,0.22497262726044762,-0.1086247870167496,0.7314139985977931,0.7999198246986552,1.1886348824592015,-0.12393416011131907,1.2577922875431953,0.3449822808298688,1.3597197414269757,1.4996458939031312,0.018306142813938497,-0.673901334676452,0.2036815289387751,0.9906439873956144,-1.5050442901286696,-0.49483462037185133,0.6825956997781087,0
-2.587902413909979,-1.0341618149155483,-0.6130269302848907,-0.08348795030593752,-0.32181011638915025,-0.3028974247463516,-1.331099598103373,1.7697646409090144,-0.6078740223706104,-1.903024212745072,1.135252359191148,-0.7750866300700391,-1.2120950035401057,0.6780072549043489,-0.5188526730360103,0.16848649565420262,-0.6335573220356193,-0.46293266754625795,-0.9925752936181131,-1.2140162278157258,3.471549476805477,-0.8279865980018275,-1.4628225556761565,1.1304588315211477,0.26651664655420565,0.0174125536299323,-0.48791512977219864,-0.40652414694154365,-0.2973830871306041,1.1365365204001507,1
-0.24836474520549545,1.1439722006331636,-0.05366591645117337,-0.20514539639814325,-1.0213383749502685,2.1447265097628256,0.014978015659594045,-0.0012220392771444184,1.8588687843526899,0.41650612441239787,0.5272220475755848,0.059730503182771025,-0.7740981963584069,1.2167597673338124,-1.416353536294959,-0.9767405431771368,-0.7770468248861884,0.25125854200462305,-0.015837548115084386,-1.862690190186579,2.3173985013531513,0.7598338769416157,-0.490979240687084,0.43333456935087883,0.44698751087139554,-0.33013842084522993,0.39386191650579844,0.4056056075689535,1.0914195464734047,0.06906075436624416,1
0.3216364682033031,-0.2088670948777818,-0.4334208444161193,-0.769511449167803,-0.8040424304307345,-0.4648463601489593,-0.23586432073951788,1.005891922726786,-0.379289461021423,-0.3326107885587807,-0.2923750410088038,-0.0479017740342867,1.698181269141064,-0.3791436495592495,0.5611115822189031,0.34970068259575926,0.06207409879556719,-0.9581116590218143,0.5236652784254057,-1.9256370235805549,-1.0205544505350386,-0.5416009762076331,-0.2245294461210903,0.08407113224083519,1.391228128072523,0.6301687190814356,0.16886939764015013,-0.3359246991765192,-0.32537689630118527,-1.1345046055637642,0
-2.1074838474161273,-1.2752795385793574,1.1708439555146697,-0.7117133584788833,-0.524699015378079,1.021047463025531,-2.6419194084333593,-0.5860119071492281,-1.0979228098422915,0.29357828208482206,0.5568997777054747,0.5731602229885242,1.5082182613801758,0.5539954277209928,0.248939776936274,2.4333870096293144,-2.1279470141413253,2.20070883356498,1.7419346588937357,-0.1484463831102799,-0.7070424443822411,-0.6582935716656317,-0.2885297021502929,1.196356517949093,-2.4667747608360395,2.009735349684877,-0.0009322985912936947,1.1767945942248594,-1.229600981799978,0.7236416743079859,0
0.38673530094226033,0.5640178028018247,-0.6918008462406923,-0.38265641211845564,-1.2350620258589815,0.7640931252588253,1.3425508805850461,0.28231376446074014,-2.6793572284511353,1.356712089622753,0.11913355886047186,-2.6543943076326277,-1.7032740654484575,-1.053666826306729,-0.00040944938550060837,-1.0214997704827737,-0.8899491838183446,0.9139286213172398,1.1873848441700965,0.949482841742501,-1.6359988908296283,0.9430013270011839,-0.4789010647936142,1.962553014131165,0.2602770475467001,1.2163944003337215,0.5561470470690659,0.43283670469426605,-0.36809165258741916,1.2074589597172316,1
0.9309950372196384,-0.3310694074155649,-0.44035722424200935,-0.7124483989792434,0.8175519272845043,0.23634488229103418,0.28766267060170697,-0.36050026217512204,1.457796551974053,-1.4889070449984887,0.7821377710237984,0.9819247225503298,-0.3174260019855255,-1.449854700987984,0.3825128746435207,1.1964894908270989,1.7719769124758775,0.6571092370220591,-0.6137295417070057,0.6933054569392428,0.5005303152254185,0.3218559021401329,-0.8846361045114487,0.5984661809037527,0.46990375449206695,2.427664224201159,0.0875033152643874,1.6953706468911758,1.3913060812272078,0.04994205641219485,1
1.2371955444479115,-0.783386427401483,-0.19217422986920452,-0.5357788843346829,-0.1575333367319048,-2.004287250409524,1.7993793094585055,-0.30450644692288803,0.7869500194571375,0.24532684719979067,-0.2716274179022858,-1.2771448072114822,-0.9140562423396144,-0.23567120187847435,-0.4746412847576187,-0.973784867200129,-0.6870927398142114,0.46115807583568075,0.8768880757786598,-1.1664726648046604,-0.8800936437218274,0.21502346087196758,-0.16345834544885346,-0.3662472923335192,0.9223987490915965,0.1848131745413574,-1.6231539814649472,-0.7994917666554051,-1.6610835050763586,-0.179185331564466,0
-1.3281166757536857,-1.761106405123767,-2.055245886058362,1.9844022900441984,-1.36536651824298,-0.31565760389389913,0.059479083549969454,0.11904411874475064,0.6208921649972371,-0.05100786709519476,-0.4535997917115069,0.21974306175907404,0.20943076852602824,0.05070872894557123,0.6408909303161895,-0.6257371634901929,-0.20079674450981697,-1.3258191381263533,-0.24493348516899163,-0.6381488050463919,1.0553590258801695,-1.4624563984588,-0.475226730428077,-0.5241729922198086,0.6708069261772006,-1.2763775098513865,0.003720982167529739,0.07865338787519785,0.923678562487863,-0.8548942483532408,0
-1.307401876260698,0.4750483465209157,-1.3948149349876482,-0.5227390822472939,-0.2386192565690928,0.6157443583591323,-1.5417567177454987,-0.296112432489421,0.026042809399127224,-0.861031647943675,-0.3576185543228696,0.8890490016029378,-0.5070755296845265,-0.363949505586797,0.8856092660384656,-0.21811074380195983,1.3383405279267306,-1.6383871855771501,-0.27338586458580943,0.7762909219848869,-0.7193413048386129,-0.23437754515514747,1.263308476756701,-0.7746869793129231,0.4825972031804628,0.7466522535214697,0.07663574592613409,0.04001268401377419,-1.0249158185892722,0.731037366996254,1
-1.2543348752622576,0.3912384180989244,-0.5184015400035394,-0.3947432740036917,-0.20126974366499592,0.4994970314304919,1.5619424324283533,0.1113345746929462,-0.7200296182745242,-1.439554251633068,1.1599455500863147,0.17537382347795108,-0.23161349479897325,0.05851535993407777,0.7666633917622999,-0.4100714436504835,-0.6660129444558107,-1.3099359599574378,-1.0792197326370256,-0.3447573770927431,1.0746746292580676,-0.5084834433630043,0.2605912838228282,1.124518925167043,0.3817636770742375,1.9737041651188936,0.06775052875170276,-0.15698093727006893,-0.38168548863541807,1.9923251352898164,0
1.2194495049505631,-1.4593689173854547,2.1100883720472736,0.4979804485259014,0.1290456530923594,0.5182757962650637,-0.958787847800371,0.19689421292201378,-0.3086980661178353,-0.36034371691407013,0.9588662825321927,-0.2644683439360734,0.09963988726866164,0.3277395707910185,0.9436065973093551,1.2680247585535243,0.01482316266923236,-0.3782743230468122,1.9037954346653299,-2.5803210208234515,0.8673890851014885,-0.14405285948319102,0.5705051112372047,0.04083373728572896,1.2814841268785573,0.4191242468395281,-1.420948487744814,-1.465966701344298,-0.21504557116156192,0.6076316179496076,1
1.307207924730348,-0.6694101775055528,-2.21138334925566,0.4310809847776733,0.042362378108186355,0.1432294294355745,-1.101207464298584,1.1927933818518908,-0.8163123247450025,0.30805342747037306,0.27569238283781455,0.5498827042303723,-0.7446053948739247,-0.9233637040928313,0.8530589394947826,0.5526348037542901,0.33506764825647234,1.1257566173963773,0.34169743724376356,-0.37004187476443245,0.5179893893896225,0.45046916974233875,0.4755550216336499,-0.8830641058159345,-0.9790665817286401,0.8801597293699696,-0.14840075578679143,-1.943197567685856,-1.3713593383848834,-1.318525691268146,0
1.0673247490833908,-0.04837705928399095,0.0353552958994974,-0.3532497089256977,-1.0587708303036767,0.7597975403981926,0.6523274022894657,-0.7045072135545142,1.4020565238547809,0.7449289909148057,-0.853834996862254,-0.28730863233164045,-0.36795993053661286,0.31239338600565675,-1.4286336147619156,-0.7050459858234529,0.7943975045608314,-1.5868594331320756,-0.1977463839212494,-1.2262685878512303,0.9132030421727942,0.3433074811016723,-1.4677025434028677,-1.0424221161798195,0.013914621672342352,-2.3070178722783132,-1.1001316757628314,-0.8239721871926823,1.2848383794383897,-0.5766684555043324,0
0.6593790136212586,-0.47293884887802895,0.74454220016596,-1.552212506219873,-0.7232732156088513,-0.10931774608443233,0.1778369822819192,0.3237867908823753,0.19270592615264587,0.5059528097356397,-0.01159985390280888,0.17404628106386963,-1.0132030662249578,-1.6180633365864243,-1.1178581472065174,-1.687007631104038,0.2244377599106905,0.9390922413265834,-0.9478647403173007,1.0085060506067791,0.45179258462252847,-0.5537487748233736,-0.34938932339349893,1.1154804307870327,-2.3237325116396033,1.1114195246136278,0.8960205570532562,-0.5892268578455319,-0.09285467209702243,1.6267818881752334,1
-1.3098843003372322,-0.18204046245565914,0.6472333619094202,0.20970631571170809,0.05205552913891093,1.8167682022095824,-1.108182163359263,-1.0633567681355431,-2.5130373411157296,-1.0786651810855006,-0.6650798879189339,0.31986157221424205,0.9597511866820476,-0.9639215521263523,-0.14267398139594875,1.3959261922793562,-0.187496586817877,0.5187009943118863,1.1208744608943633,-0.9298857443285647,-1.1333427946229155,1.621033739401282,0.5792134409117985,-1.326974282372626,-1.0566607298700037,-0.20037078149479304,1.3936468182760604,0.9817334373516581,1.0670644867840524,-0.43642499508541227,0
-0.007659450435526828,-0.7983506705476637,-0.4156564663289886,-1.1228097812683262,-0.8719059351937658,-0.7261513414763592,-0.14510020820618008,0.42069858264549287,1.6662878853577705,-0.365501143157982,0.587933258253907,-0.17921993181440737,0.9628750112612935,-1.2553053094303053,-0.5355730086833844,0.6628466931957535,0.5815713240422098,0.5999468057192451,1.409242104488149,-1.7337173151221286,-1.2544450673417729,0.5612553669062313,0.8134121750021313,0.6550928663149842,2.708693179288908,-0.9158739885395233,0.3692071784237474,-0.07088996846337901,0.6213815435423731,0.37582363625106,1
-0.5176027075833572,0.3878016111642588,0.08346897761615575,0.128195636260804,1.1337814084065998,2.4806816934388753,-1.9137901712571281,1.2888413995452943,0.6424739901296365,-0.7416741402711623,-0.3625796730568783,0.8820628361389538,0.05053567954996517,-0.04899634558519314,-0.6866546428899377,-0.7590941943218267,-0.9656955901036746,-0.509913442982742,-0.12851678819317972,0.35445730350052573,-0.8230399778824402,0.7555171157510111,-0.9079178701326756,0.7688951683178277,-0.8660105938278295,2.017084834854721,0.6483202127193832,0.8410267983307074,-0.1720019686107265,0.6071144927849748,1
-1.2521582306324586,-0.9760530504318667,-0.30735005075251043,1.5178946671222158,1.0065707204789334,-2.2365389984783537,-0.9860655881198246,-0.08679032929133085,1.2563294587238372,0.24418902732380218,-2.537381194253237,-1.1726545979149396,0.7200689227805168,0.20409733015229634,0.1349198495170986,1.1119760104035996,-0.34617048264115285,0.6988013756344593,1.6418445582325707,0.2244394532059518,-0.8943776382882211,-0.4265078604527447,-0.9032349456710046,-2.2410141244547774,-0.7905488350420617,0.6355035447156542,0.009397070429202582,1.358872127858523,0.1439236545029248,0.8836144317788382,1
-1.7596689691420537,-0.43862831378177897,-0.2689521771132414,-0.8254457626188146,1.5257474369434072,-1.9299312797745105,-0.11388014841967654,1.1325106744656712,0.7633577546079922,-0.3798099859293363,-0.9000197171566673,1.0910010683598526,-0.5211026548826401,-0.8305179006168082,1.0000810535388573,0.30737846124701346,-0.35202089233052436,0.3252171040406281,0.44513243091969895,-0.05374698762482183,0.15372604226347758,-2.1626775530543783,-0.10560051561654588,-0.6396015874864748,-0.7993378428228964,-0.6846782959766068,-0.49663948069437386,-0.29714309811583134,0.1660686671825276,-0.7335299032620229,0
0.5180862229933427,0.7358648694726541,0.7256071367405216,0.9351341639914329,-0.5683566347898368,-0.2706985841920736,0.24659991553808083,-0.4249482179525949,-1.158494969499449,-0.5023598099346762,1.6346909166361177,-0.7431621814177493,-0.7937454046414257,-0.5469208534797049,0.5569186872496871,0.3480134108767761,0.7062383349397127,2.532531770283299,0.8210524265257937,0.8995023767951741,2.8596528960134857,0.4895605070368388,-0.39188896695409986,-0.3028670217868996,1.056797461841212,-1.251783464852638,-1.9465925673037388,-0.821065192206395,0.8198580880155545,0.5927262492065606,0
-0.15999258855198123,1.0691885874182117,0.6082957098618426,0.3439750260519674,-0.017270482984792085,0.896351873081852,0.7553093464485139,-0.2730559787028749,0.813411254689834,-0.6537201092665157,0.23487898178865352,0.4004043376429877,-0.33502092386741483,0.13410606522365578,0.6080406995907623,-1.0824331927637023,0.18399813704933587,2.2147516726378567,-0.8263346408128885,1.0299696497770665,-0.09564739852967581,1.182991545915699,-0.723441684800102,0.0060668713166423,2.2108796920161535,-0.17320343777904224,0.6334197970139951,0.5945249552960017,-2.0285388654695944,0.4462283607064804,1
-1.2375303043399868,0.6329023597298785,0.11771442507204298,-1.115137419744087,-1.190452891558438,-0.07275732131780624,2.481027646284474,1.6233194708885648,0.3595432656342935,0.5153181072539045,0.6016225205179703,-0.5344502759619867,-0.6926210119881728,0.8510693087686962,-0.6016983013003547,1.4405522817765415,-1.3532818429976279,-0.9015816335353991,1.415663863597,-0.28685247565222405,-0.12259833276079526,0.6454318216776828,1.158772259149665,0.609778515513391,0.2872636557426904,0.8006713436574004,0.409145367112673,1.0851150897595723,2.8569032869705446,0.5053354866899418,1
-0.8598440698446345,1.0387462388653241,-0.14624047658937422,0.3371447673618863,0.366666572317469,-0.5816257464036491,-0.3708066289727969,-2.3083562597102705,-0.101430185431827,0.5608004210727087,0.014634462029001465,-0.4600239192806231,0.3771059934181334,-0.9425098166460045,-1.0579629805014783,0.5258370839168632,0.5808953226153889,0.5110522751490708,-0.3005286557935275,1.0935931136019714,-1.1237535295837477,-0.29700505384893366,0.7478095083363712,0.8595919518882585,-0.7723838575718759,2.1425961476265862,-0.13051193928766855,0.08782026680121471,0.9781210633950675,1.5519357511745946,1
0.06153486672065605,1.173265735611528,-0.45616297727065697,1.6684316742188825,0.038598254355332505,0.314431763474487,-0.34677450697882384,0.2159875031932522,-0.7303496848460067,-0.06245075708884344,0.01712580998542593,-1.0559256701621327,-0.5711782466261613,-2.0997163759562483,-1.2406682564065368,-0.014059623336384424,0.9594889185288225,-0.3569998725691492,-0.030566042668362357,1.1616935987303851,0.8332259354645665,0.8187447908346392,0.1192176904367075,-0.4901248770390576,0.3957616051282713,1.282519750030574,1.8074487034194158,2.405985405829733,1.5296980799396347,0.04369203460661747,1
-1.2024258077731236,0.6019893312142464,1.0965869774283126,-2.5533211124157806,-1.4791061145471032,-0.4568286397284603,-0.7688959569638543,-1.6090570005870721,0.3800481873216919,1.2411894627726703,-0.18840677232720332,-1.660089041287142,0.20628527373343636,-1.1099680164851355,-1.00862039763365,0.9597375590719662,1.2002181913122238,-0.2892925756501448,0.7311080508132154,-1.0742575176728906,0.5290847955113381,-0.3838742518576936,-1.3255701656549794,-0.9071397816311401,0.4100563610552289,-1.4806023686507948,-0.2816726135475749,1.068401056194892,-0.49282573461835116,-1.5412635698661328,1
-0.2769982782184861,0.6776527628788099,-1.2976733774262303,1.1870631018545859,0.7633321886413862,0.35011683296774093,0.5773336376000916,0.12717022001845282,0.3342728840684272,0.07145960574828793,0.8829224530105921,1.2928779341988865,-0.820829168883484,-0.701832161090222,-0.3912756894028433,-0.6087783233083427,1.1338165875242368,-1.4996137696880132,0.5427051282404793,1.3867001751005372,-0.5787378137670646,1.4720628066285406,1.1573341708724638,-0.3492380123610867,0.8187937289858236,-0.8266172431303946,-1.1017359091816732,-0.46378857453994465,1.3503099061075803,-0.4583061645558459,1
0.04167563075246852,-1.004376052619602,0.8666522258056832,0.8314599392721798,-0.7042994733039016,-2.3170519541792403,-0.3617277722676206,0.442532044949717,-0.013195186962303922,0.08048070886732003,0.34952772996284226,-0.5109559930652047,-1.2553237853749801,0.7390049453910952,-0.8848991950745064,-1.2016175844793673,0.5000647238376693,-1.1058141030908002,-0.8181870584783021,1.5805780633287607,1.588563347175629,1.1912662493783621,0.7593662308700881,1.1563979870303125,1.9626043586252813,1.0941316760832671,0.25127839467111845,0.8729489920464976,-0.46494147519705603,0.14632066077053082,0
0.19079435004677806,-0.13808315143514296,-0.31484365156278377,1.2878617364362117,-0.9529775066832984,0.14777360306920523,-1.2893289453312993,-2.0077155635635977,1.1951845484254842,1.2858695614121622,-0.48540698379004416,0.05063239973215958,-0.2892935729925452,-0.2882445705084204,-0.4880303306094758,0.460076756574814,-0.3811604254132225,0.4150128391279857,1.6677092248420629,0.3895567687406677,0.12479951957382923,-0.5714833300356025,-0.014387865593456381,-1.6704523082190816,1.5396730865147679,-0.9580556025944544,-1.9186037747480502,-0.10454955072021602,0.3542205928588802,1.3245056609821853,0
0.24479018189649793,0.92548854274229,0.9298323336726302,0.8319793737405922,-1.133639143140819,0.5109389512992427,-1.3850384285547832,1.9943940518703618,0.6976492833493078,-0.6247948784118772,0.3758545185737965,-1.0105634401509351,-1.5546861283659146,0.8767808637837303,-0.9808539050267339,-0.1810144707845989,0.20555086387295948,-0.18242012725638418,-1.028035657370951,0.06070399013065653,0.1480249871941557,0.8713090243380868,2.444889677054202,-1.9763195671639493,-0.798521144815309,0.2229419955483646,1.0107690370116298,0.3463359514753281,1.122992654162445,-1.4798196271473447,0
-0.3176652307653749,1.4616034185652917,-0.8602496574669728,-2.8990354932488898,-0.8167713511513518,0.4373218183003948,-0.07080538737231377,-1.2848738794877363,-0.7215275668841084,-1.3305811743842801,-1.2130124040755688,-0.8789947460919962,0.10548257076835182,-2.388024896339033,1.3657393709699284,-0.10351201622704102,-1.10665885526309,-0.9735358371456585,-0.6347361731618313,0.006246455712673172,0.1513416783373091,-0.19383573101331875,-0.7554140273239746,-0.010962741934555565,-2.073988359530137,-1.2153571027301293,-0.6762108206858181,-1.3422280405265639,-0.2187152101937271,-1.3380610879663941,1
1.713032787481064,-1.4576170558160118,1.5112390994630525,-2.0052302431039375,2.005109011581631,0.5839977583619695,0.7915899289499948,-1.3653132077949939,-0.3226717156641069,-0.2574432527413523,-0.10076638123912576,1.272602776845541,0.6913180618364401,-0.16572138555286708,0.9991005192996318,1.1831432742993255,-0.5679469030952762,-0.5972455505130151,2.161695252258433,-0.239847766724164,-0.6429708552633838,-0.15450766548455253,1.0744621484220904,0.7183808428380491,-0.12558254971832167,0.611588800317688,0.2502843388387481,-0.1422161671289197,-0.30002871474551845,0.14804083108678903,1
-0.4161543287686952,0.07063755538864068,-0.04953512781635298,-1.4506115525106857,-0.5292864973408454,-0.25839931425375806,1.8597149199954408,-0.1600219784931619,0.27324055628087807,2.1513226452558003,-1.5792300873833682,-1.534402067609711,-0.7783255779636267,-0.3330694360528972,-0.23211333160342715,-0.5108736359412701,-1.2336670056083674,0.9739882028609548,-0.45402467637533356,1.1843351280046617,-1.0170355226923427,1.959689843473557,-1.6657722829071695,-0.014491586995909191,-0.9983728230093053,0.03556342646090298,-0.9795119152056643,-2.145349539154176,-0.7806904490571965,1.59610709883288,0
-1.0000227660689722,0.5084449105084837,0.005695713751047605,-0.4546767099136089,2.043356914994081,-0.31452449079926476,0.16943756457296485,0.08566281348892604,1.575001644808793,-1.4985909575189418,2.244170951200167,1.5194473932300956,0.3976666332775256,0.6181571345164688,-0.2280672262715907,0.15008553098701116,0.4199916179674069,-0.9086081208600015,1.5194008895714528,0.22412123130338552,0.14160758198814175,-0.866692710085359,1.1697424633231397,-0.04594254453783358,-0.5251734997636585,-1.086023386822005,-0.16152884025643133,-1.1697092032252105,0.3458313875444345,0.7743756726819945,0
-0.39302657832047777,0.23610676616822596,1.2201297260213149,-0.1728364533095295,-0.10541678590281832,0.005513121090513095,-0.44058786988323473,-0.3516533206310375,-0.7687538792379252,0.42948213637898125,-0.07156147350682676,0.5988296478736239,1.0217620217118586,-1.0506671581109677,-0.8367433751162726,0.6918822939272777,-0.25436888901810234,0.0807136149364322,0.08357296367711013,-0.9480182291985103,0.5060471083112706,0.2489201590148274,-1.0084756575192066,-0.1651772608552836,-0.10902451875380481,0.7475581898919299,1.1731252774337497,-0.008363777477337624,-1.680702064985115,0.7261158054689385,0
2.1980726715277226,0.7179046742464223,-0.2728096280104813,0.40103690505026546,0.800253099249742,0.11300442787726377,1.3149348552565652,-1.1323342188355885,-0.40402990278046,0.4591194689787516,0.6983196952031334,-0.5471364678906646,-0.4526971911293311,-0.6665767892545541,-0.7446118578493888,0.5190084408362575,-0.037503693269552975,1.2972631787209739,-1.0936312207409928,-0.1571970737128412,0.7358317453607367,0.34426539757744584,-1.0982097149567651,1.1521409347562386,0.09587676239680284,1.917048096587345,-0.13210328135686789,1.158007250238189,-0.3583719212849503,-0.23609986766235144,1
0.494027379440227,-1.702222352239703,-2.019051822465124,-0.6770004787389302,-1.2995591851689157,-2.2556090577089445,0.7425250741908325,-0.7911032905343276,-0.34367950261415836,0.13918716391159894,0.5045206934189316,0.28290023573106987,0.2020872406283267,0.4694683219953094,-0.49972264235677777,-0.7126956980008267,-2.31700064792308,0.6383092409788492,-0.6855682214139991,1.9835091328668157,0.7378567291720755,0.9500858325575076,0.7057401278806341,0.5306888857073816,0.4759880979167308,0.5690736428498174,0.17496632815010688,-0.616446153005805,-1.1786847636815059,0.42283472419911095,0
1.2915297752871722,-0.12540815829933297,0.1514170020625967,-1.3175561991692426,-0.4539772709605696,-1.228851140152863,-1.1593967194378465,0.09873458293596693,-0.05758550492555618,0.7876567754879971,0.7662030627235162,-0.8739722471027895,-1.9355884892639947,-0.9484670686722382,-0.7105822271609993,0.5520440914832763,0.6124185941742535,-0.04656824199303171,0.74014669630209,2.5622692991066987,-0.11846539706309478,-0.23314279474742933,-0.8406387344893564,0.31879390677106334,1.137396434216913,-0.49864491619352597,-0.3911237221290427,-0.5215715819334806,-1.1507959553192688,0.1342064758238212,1
0.16995197405080736,-0.041346489896108334,1.8390405348266377,0.4001650393200848,-1.1164010649036178,0.6323179639245307,-0.3394602495108506,-0.3288839683949828,-0.17348525885492203,-0.28529410390385745,0.26993228835772265,2.115411240055891,-0.3683536505445202,0.08905266188149644,0.23431348174442856,-0.5126649670404594,-0.4014420560193293,0.9935040975119496,-0.5102851841008161,-0.8880458385390891,1.782926760793235,-1.205233111226937,0.8833729871551607,-0.20141170874252473,-1.215248221961672,-0.37677804201040965,-0.22563981315290416,-1.6301286973446232,0.4278499494602904,0.32715050029814013,1
-0.3483372614790056,0.4734259796012422,0.2040994786657841,1.2936729457590053,-1.0779646960946152,-0.29260335087925654,1.0011118211972638,0.5413307435760567,-2.3015849577531684,-1.6692288079401094,0.0007619256874108847,1.6398175418389656,-0.4317339652519865,0.6489375135468759,0.08260164742415907,0.578894723705065,1.0707356904044085,0.944195902004066,0.9090207582722332,-0.6149419799114131,-0.15122661604354168,0.518509740511823,0.48244109152130593,0.5947156149863272,-1.76874371200963,1.1970639124022735,-1.703310443676052,-0.7508948636767008,0.1953165002308043,-0.029411356119098966,1
1.4187215922460124,-1.1707854744903794,-0.36409334364048657,-1.969284491547744,0.13160037952327958,-0.20808653399467175,-1.2399978237070963,1.3091825381393059,1.0799932377458739,0.07208628332284155,1.1384913398303795,-0.09243403323239652,0.7137487808535221,0.8630997485584352,-1.068602965290333,0.43246120729580656,0.1683891058260276,-1.0240965301057563,-1.27746468933877,0.4978987102578037,-0.2819141697510571,-1.464895552105599,0.5794804912203171,0.9348359295602436,-1.1710611046717783,-0.0015443343551908534,1.518425247654903,-0.9114010807252625,1.7071753646821257,-0.3238119975841968,0
-0.07017665590093163,-1.3946633208200576,-1.3581598434827757,-0.6559623538321185,0.8856631329314649,2.3405853859589527,2.605920553783361,-0.12324889256221185,-0.356428710603241,-0.9842460972189785,1.1146941793317842,-0.7260490811586038,-0.23719470932079265,0.4969572742194117,0.4513381636405313,-0.6105065552053671,-0.09513713714677019,-0.5838317264989421,-0.8324783131974735,-1.0252104978476322,-1.471578825612917,0.3619157649461569,-0.24065488631835247,-1.135529084198047,-1.2278870875934722,-1.2435435876809655,-0.6121516230332599,1.125671663737768,-0.681282298816752,0.5576369254873667,0
1.5605442129619929,0.16847541858996823,-0.7648465839916058,-0.0894924963341311,-0.04334349465429186,1.7276293452559706,-1.73239134531811,1.1156158687348625,-1.7430431839045548,0.8116637964760927,-0.4093156519461447,1.8258634067898953,0.6736995542024474,0.5734884202198154,-0.9417983636204044,1.8052884845392225,2.8150681556776593,2.0114494269241274,-1.0031030858268262,-0.18987434796855732,-1.1885540589610062,-0.6095206076219783,0.2835200198850554,0.729637707174896,0.5330812000707575,-1.7207934791737658,-0.036355068636695,0.5175722141456192,0.9486564101482088,0.4281677275114611,0
0.48865779633412953,-0.2381309569773737,0.27186819544103724,2.5846049346615008,1.2069286615501689,0.3647403321890527,0.7287220903769941,0.07586089783027819,0.07098938090210553,0.9504338832348709,-0.5989487894573937,-0.12946141053091176,-1.370102323691935,0.7762610170386476,1.069603378187046,0.6030807870655177,-0.23428576644702068,-0.04416006784355244,0.14690558059005346,1.0948976495261125,1.0364464760032859,-1.43471177610059,-0.8782306796617471,0.43445051849216787,-1.338491292718374,0.9186367245357779,-0.2753608954681763,0.7071841636216737,0.03420977909036857,-0.09874954664854692,1
-1.0870533872087738,-0.5474489051032796,-0.115295632852192,-0.14846948270904908,0.7242371387327261,-0.6427311302320848,-0.0296091596784772,1.5044693572213395,0.8215552892294972,0.10485387289016318,-1.458056162934993,-1.373691731766982,0.6373841539603116,0.7398040490178731,-1.945038331493559,0.6997876350774045,-0.5621152257790082,-0.4053653298292661,0.8889025402882418,0.7323634098241499,-0.09871509085698725,0.6882149908441623,-0.36351406489101956,-0.7898187008318348,1.2599466808979263,1.3257699440065525,-0.6435598973500168,-0.5337678916842692,0.8913227193483803,-0.6934715638871679,1
0.8008125795742111,-1.0244482512644213,-0.28664058613920634,0.9785864438298766,-0.9690625750621518,-0.5879251445151727,0.37625142615150303,-1.7981890046962754,0.07285819162430503,1.1612378851687306,0.8647994903147556,-0.04962957295555029,0.020627610380529664,1.4918104332045574,1.370580212987706,-0.09459006928688767,-0.6296340375295201,0.8572939692167928,1.1305620326182344,1.3787339108910013,0.5836066223403202,-0.3561175489255973,-1.6699238210961345,1.9382689824405028,1.602833287487116,-0.7669904061894642,0.19068947505273745,-0.22077930993622547,0.06622224698560479,-0.4003742590734307,1
0.6915237579169574,-1.1340616883388548,-0.39385901821112906,0.8735165303215324,-1.9735226413673403,0.3085314861648831,-0.5477884679056295,1.615356398969254,0.32909789910247844,-0.7870371507227718,1.452035555129091,0.021777645797310893,0.13125725079840084,0.8872885743768684,-0.6057753799793864,1.447286394814131,0.5770651574248825,-0.6412640669616876,-0.4324413220195655,-1.2563867544318812,0.3077242296164032,-0.177777171138205,0.31270385659971434,-1.7017059820747136,-0.5239106597591799,-0.9821115555131456,0.4929874818292843,-0.601809736886934,0.47033823860728297,-0.5330734551179348,0
1.6260935580289857,0.051598716620903276,0.9158458666475922,-0.11336450843279079,0.9228585219432832,-0.7729997832859706,-0.041975645325929484,-0.4650421663844222,1.8686244202361457,-1.1886088396636534,2.07025259451903,-1.3742941190120916,0.7359989597742426,-0.6218458401166121,0.25486483543321675,-0.17085232958990745,-0.830467293857752,0.08105620137334615,-0.4171053415323536,0.5713787310089609,-1.0054832933109192,0.4724735988645698,0.8641157225166685,-0.10824298992177468,-1.3228164029430582,1.732308655193479,0.4669886776335574,-0.7210711259461495,0.4938548689161093,-1.6756651676480374,0
1.1763676003646586,2.124486702517634,0.8240893021628483,-1.0030631881233183,-1.989074978181728,1.3640200392946618,-0.14747248346439504,-0.39142978100371,1.164984109268876,-0.590377530709306,0.7623194854012472,0.023722550312675755,0.24695779656091352,1.6292663831677023,-0.4889172258073753,-0.5803107549975925,-0.20223571859793135,-1.202886720598461,0.9364243503459659,0.8035394225352722,-0.009357053095257827,-0.9241092434497162,-2.7451870219007297,-0.8336804099178576,-0.2311246656919125,-1.8991403640456084,2.494500221226051,0.41551735996743266,0.5444201610999438,-0.14999950589611474,1
0.7375368640461293,-0.3008787545287461,-0.16197039979925745,1.40498549317653,1.0979974219894901,-0.010947332018192467,2.02247401112424,-0.08202429964971565,-0.5057862860187882,0.12695740842317796,0.3008800498251253,-1.1924062566325886,0.4874826125713318,2.1146786122750387,0.9500666727950879,0.664069074153986,0.4804025018069112,-0.9978476286032707,-0.9964582348409282,0.16311266877864267,-0.42819787857199476,-1.4466520814001727,-0.3505935534722538,0.4506819137953365,0.5803022189531934,-0.83276146692581,-0.04591561551575256,0.41476762011674145,-1.2682624319848939,-0.7724347265631595,1
-0.013190199138518682,-0.9092118280742074,-0.3279374304062134,2.4957834111190067,-1.5072247356626587,1.4246576832364755,0.34166537867641306,-1.2240184734551756,0.6785898673650288,0.04289996231748332,1.2053372683900268,0.6604936491740468,0.19632383432732792,-0.30644316700543317,1.1689175690201379,-0.3920398210391914,-1.4001834967579758,-1.895872623513142,-1.23599956674503,0.8029650433951282,-0.3632229696827203,-0.7720072642657548,-0.43356973077682115,0.8294435159858112,0.6333199557301065,0.16200427031308984,-0.5997954723304081,-0.3905527165889216,-0.13233004937665463,-0.8946416405486556,1
-0.11051747736600581,-0.9467791212903297,0.3658064800320363,0.4781691520422957,1.1172109001659918,0.26047723083777896,0.22876228997715292,-0.8357253221220542,-0.04751523597249663,-1.0225245781750887,-1.7042865970071768,-0.26515649595958884,-0.5037644092084624,0.6114273079567646,-0.9617141228774824,2.813484426656226,-0.47992898257177585,-0.07032164767244498,-0.5668545416825557,0.7778228937403958,-0.2137919843262633,-0.9792725912916408,-1.833479579455726,0.57391837976486,0.6498098816897262,0.34272151139850443,-0.21524350648669416,-0.319213168894194,0.7775131566329047,-0.10105124462759285,0
1.1245294720603598,-0.09904725700000884,-0.1353268781065562,0.3708547624212034,1.3917409771200997,1.1767416046945947,-0.0482367952011777,-0.37373153122062974,-1.2083184994005884,0.6920766766887596,-1.783801431454344,1.7052190168696266,0.8431323467296824,-0.7459609819882187,1.2308922444160941,0.5481813432080096,0.46769105052072135,-0.2669256669838127,0.5526557008577064,-1.4167770938164832,0.06285325837171392,-0.6798757865167241,-0.28805487927979667,-0.6889150245406013,-0.6377008717960015,1.2884458926819031,-1.4328686659730565,0.40866253351761495,-1.1306891214512298,1.3215038243636834,0
0.4278007279672597,-1.4046898724677932,0.3346674188590058,-0.6958643169475097,0.22687758893737828,-1.3284253110738513,1.2309605826310053,-1.9974095323588341,-0.8075742931663941,-1.0819784104438515,0.3792537115942932,-0.4925143684503482,-0.18439963232290518,-0.6415317595008019,-1.3684440573018204,-0.2285420452672495,-1.3028958911204427,-1.832037417174916,0.6259198087705554,-1.2390660980115473,1.457112291106364,1.417664814634619,0.8856917471464213,-1.1357871795388723,2.1216061574672156,-2.3524435700755895,-0.8830004125162596,0.8332191263977796,0.7546951342859225,-0.7251408900053824,0
-0.7856512913619573,-0.2153903058671571,-0.08697825560008453,-0.4694425791855645,1.6579956013530195,-0.6836311554259733,1.4664672455400054,0.40593117385812166,1.0191894162747424,-1.4949117702315085,1.0279911729958229,0.9926030260879026,-0.6660318057055314,0.8479378759578686,-1.479912389297532,-0.47462825205339176,1.1671003934203459,-0.18197327132236835,-0.26423113763725004,1.4045585620311374,-1.953487990466792,-0.17764583236900064,-0.06603487131189725,-0.7967413068494787,1.3741481709382175,-0.9100670432959653,-0.8975281827574206,-2.472249072038846,1.1107494663392954,-0.32932068444091245,0
-0.32756072330814795,-0.21321786834380568,1.1932583925928966,1.6128619591615863,-1.7324594106601399,-0.4629210713737083,-1.1351640195364776,-0.22366372517711192,-0.09105892657209187,-1.7186870153802978,0.3686649577916858,-0.44918400416885235,0.7804882096532201,0.030298018591116655,-1.7162124936683993,0.6146369732727257,-1.340062402128836,-1.2314872528466252,-0.31678363579911717,-0.2851003036153327,-1.7534690933107326,-0.14779896385531022,-0.08899603028474248,-0.1281186243511092,-1.6879679339448495,0.14390774633865955,0.619526008179169,-1.3465958696725013,-1.075554820987651,0.7873408614220166,1
1.5799762652243763,-0.16637050788348248,-0.44957299572810344,0.19822147184778777,1.3563417778135543,-0.8500334853404203,-0.48402611889340635,-0.5102745739676178,-1.4167020095669376,0.8527876680020553,0.26113752695148107,-2.017274967619117,-0.011351009386926148,1.6622537460069877,0.2754099496057126,1.6039900039275994,-0.5601391661301831,0.9661855683785107,1.3149254296304027,-0.07273000121386362,-0.4111383679136217,1.0999804336637762,0.5400713229828565,0.9540039216399431,0.41309902904713897,-0.07965539398491836,-0.08874265037573646,-0.35478699635124156,0.40027143701971346,-0.17732527680935675,1
0.25336602925006263,-0.7926997000294183,-0.8516370081393053,0.584149211576086,0.388473530048827,-0.42995292074240277,1.3768939035082708,-0.8210762022637995,0.4373359159900449,0.45771067330084514,0.0534844121959891,1.2661849354928687,1.6272656947507367,-1.1507870637602482,-2.2750973251882107,-0.48918432001126066,-0.9829353905992141,-0.4370989471321904,1.819524208651312,2.6965872715099914,-0.9481757191719009,0.22425947895035128,0.20170580142697,0.3457560777422897,-1.3704800127683308,1.2357936015385533,0.901946522351373,-0.4800377021959007,1.2307610933883486,-1.441888406595316,0
-1.6932684834613534,0.2648458367673579,0.43124637505125274,-0.16382169172476377,1.107350997445502,-0.6574900043100925,1.2043815821672144,0.7880960383792132,1.8628465008567403,-1.7729151007640367,-0.4863416258977503,-0.9062005940398753,0.7769552207735857,1.5730329710778264,-0.37203487210449476,0.59939661061714,1.443618992609271,0.32623539029989485,0.7014575129833615,-1.983250840326698,1.5658458897594891,-0.2987663795698926,2.669751873580362,-0.8508377872136514,0.4745704914117926,0.8255483031346822,-2.501533540725444,1.7774012523685103,0.7430996343031979,-1.4944456000789146,0
0.3697465344248894,0.3639571404503906,-0.13436019691791795,-0.5960534416531266,-0.06802176180420182,0.8613315176748064,0.8208783137554682,0.008487226457205416,0.22865131161560717,-0.12703811382749683,-0.9729756697551284,-0.05728635739688254,-0.7345802993368468,-0.995534398645591,-2.41904105067869,-0.4088355027926179,0.7854724690035653,1.2231179532312997,0.44617969932382207,-1.2955107940545119,-0.15471309952125054,-1.1548856642112326,1.909412239325912,-0.387259691663542,-0.49428518266757737,0.9228427233959571,-0.039095037074474946,1.071641050126724,-1.1231275701085655,0.08902054669253051,1
0.5072771308157643,-2.617894642797079,-0.6826541654543387,-0.6138284139206552,0.05523483639619538,-0.3101389050817481,0.2960562084915473,-0.23447797291089728,1.1474111194940972,2.1107113687150534,-1.5005595066170088,0.02469219132633291,1.086340990188337,-0.7029242831143688,0.2798434710255082,-0.37982369455836634,-1.0034274648257584,-1.0167636829031956,-2.4709408908986537,0.16599709975498347,0.23181974419168716,-0.9518371953092434,-0.2798251758885609,-1.4422450814885936,0.532532210005423,-0.4005911182481393,0.77059009372787,-0.32212089367364893,-0.9876998494535055,-0.5359193672782756,1
1.5081011744691786,2.0960728285166184,-1.5070265281465265,0.9057187988908646,-1.108267519471944,-0.7598837129725351,0.20898030250893512,0.4893389432923171,-0.7282018522224704,0.610148531410602,1.184223070190419,0.7284763369473882,-0.9662252503972489,-0.4446964643687037,0.8752454861427199,1.5513902059570266,-1.2709461634691208,0.3027618904092508,0.7342987867469077,-1.3965042024492444,1.0188814557111194,2.1148557189204613,0.663827906971983,0.5656898850129077,-0.7512374678626365,-0.49034656590821385,-0.6472359095703267,-0.8844203034588505,-0.2421432461312618,0.30919611410696923,0
-0.8575957855197647,-0.3474012857392601,0.31894059041994927,-2.1167642565629525,0.9492731608037018,0.21304216381224889,0.22670511817860928,1.1563554860472636,0.9381447931539819,0.607283198809735,0.279640150407802,-0.009770182557487664,-0.5808972374601735,-0.9607648939814672,0.3873201326899537,0.39410243483902013,0.14114386649860278,-1.344001775000341,-2.6552105649819953,0.05559699493103116,-1.8339018165852312,0.31791046857344385,1.948641922517536,0.33122483849791984,-0.4365285917117499,-1.0458350074616565,-0.5766813212232913,-0.036902129012254474,1.0729162304324087,0.14024831748372618,0
-0.29171775405340805,0.6730637667626611,1.476047651409695,0.3135382999847539,0.1912288532402385,-1.6599532050154782,-1.3617886421192917,-1.4898169648946955,-0.1912821559542609,-0.8337873861438803,-0.4960463904654626,-0.8464735164719183,-0.7581755284164481,-1.854129876389647,0.21999308924938268,0.7001540601329745,0.06971466074421825,0.36488038385123256,0.4650794829096294,0.42518787319916956,0.8465108120071821,1.1907091042532743,1.578335529616538,-1.9257596349872275,0.4671713010524301,-1.2100705131678204,1.406154890295653,0.06605802209981047,0.2763319362132536,0.11721887617642762,1
0.2103765490146254,1.647355028237939,1.2396405173556584,1.604467321190535,-0.1946961170217095,-2.124730478930137,0.7472948690946729,-1.1164770412085858,-0.3620481215750926,-0.062127827196357115,0.0020267212564978095,0.6437736052662266,-0.923398428167313,0.6265285087285566,-0.19027198464994768,2.6021323964072076,-1.5901690225651939,0.12749227690259882,0.6148504089902238,-0.41120578560805,-0.5738138080402589,1.324550257895607,0.8409649202664868,-0.7987830487172634,-1.4829218407655282,0.588434852246695,0.3227766844853786,0.57093582095771,-0.13120355387305777,0.8587730302821497,1
1.6003716140771436,1.5304554473881609,-0.8189174914518303,2.4996015544010617,0.6581793044917882,-1.426498817609875,0.4373227376568056,0.22950789746859276,-0.11658761643333261,-0.20336003849367698,0.7022060990957382,0.7061237772390363,-0.586675527105907,-0.5358445323065015,-0.5750026658185162,-0.1747824740412847,0.8864458975294597,1.2025434686248881,-0.21428919972483382,1.0989286895129102,0.44169390456389174,0.133044453667486,1.8675315880627117,0.3291152279980769,-0.13539299497394602,0.8357009486858078,-1.2308527600377066,-0.2193484364084887,0.26176575951275544,0.7193713674706163,1
0.24106232819811718,-1.2890523960674865,-0.8849538494956686,-0.43100683976111276,0.2415739590192001,-1.2969244546617904,1.409093491189336,0.31290804439900977,0.28572347290221634,-0.17316263825487024,-1.443322700541153,0.09081131326313668,0.7482340236084907,-0.15326562597416088,1.0691581358818143,-0.06232497504522662,0.696026117331489,-0.11072721862377184,0.3793472188110517,0.8681257380414449,-1.0804144953544863,0.6473169671902135,1.0543102992021012,2.1903877627744492,0.07115181185563131,-2.099206255179685,-1.7808366986010742,-0.8871563001905485,1.282422099452049,2.196753120135991,0
-0.40645321877176527,0.053251740269973064,-2.581242969645156,0.6513677068194116,0.13441458383769372,-0.2500308851761062,-0.9635688500192195,-0.3524047406874416,-1.3452349433379662,-0.8607592348472732,-1.27062462080759,-1.0169374303301821,-1.1551453608384643,0.5770661438600928,-1.1498279830172695,-0.052303501037716194,-1.0919554012957253,-1.052738747636381,-1.0921132854142233,0.9776135955804051,-0.18254406064955453,-0.747170774790619,-1.0041161427607779,-1.3443332189675299,-0.7183599758762186,-1.4365658924554559,-0.43462174849719765,-0.7078199476469846,-0.7792243018367523,1.2382264245170247,1
-0.24402657315104828,-0.1820839313461663,1.281980461461156,-1.3587403370362798,-0.4870370162515785,-1.549232543470144,0.0702738365946617,0.6071438578254645,-2.424900722199219,0.8599913552724225,0.3110384788604453,0.0364849648767416,-1.2418463098073946,0.7719435319830292,1.682892036833682,-0.4074887949483181,-0.3174522218820076,0.022746525022858288,-0.3994570793886069,-0.17816430078793247,1.0284959804685443,-0.06631229022659768,0.29004915989955626,2.033185916710873,1.46430689786938,-1.0466811615430613,1.7443152498630667,1.376898263013181,1.4943870022207966,-0.6254964597320583,1
0.21155444092162884,-0.3916218735823892,0.12103103022726035,1.7517773883390084,0.1400582141551922,-1.71992397250426,-0.37310956548514207,-0.6545314190192746,1.7898175789575077,-0.8131142592429942,-0.4071847776973771,-0.3725853522909009,1.5996065174987728,0.9603789797449573,0.5679772452022659,0.23289483394273702,0.21508105629627083,0.07614831907644785,2.0552976574965958,-1.2670668256136572,-2.7654483895526787,0.4430209996413356,1.4027260384914713,0.18555323828192563,-1.9800843557490093,0.7458183936491236,-1.0648849005319403,-1.283626913366563,-0.9777739357358853,-1.608655048101528,0
0.20333785726202122,-0.6478385554149175,-1.3304942767456973,2.3798786040257025,-0.5313830779883643,0.051720136891391606,1.5540299703203808,0.6774928887243671,1.908455781158294,-0.6961133482940628,1.0474282967294142,0.49053832588899143,0.995037235117528,0.8443731849550935,-0.7719639679924276,2.8234269029098025,-2.2606622918008714,-0.8642361461807212,0.6811304976041874,0.29064771115924415,0.1339121266854261,0.715561041132172,-0.842775518697311,0.8399139433239173,-0.1291924837791259,1.400959277729101,-0.30462132492599786,0.46780602861608656,0.6374647104918122,0.9051796505669556,0
0.03737245430874005,-0.28651831012249773,-0.7750095815658227,0.48616523760451474,-1.8973170130939658,0.308910511410489,0.38329453314698797,1.874016444417839,-0.6606568469062283,0.1877182076040144,0.15906280197197126,-1.1060515662615107,-0.005507270047536337,-1.3415559383890285,0.9629646358330712,0.5907301712119465,0.43156946238633115,-0.6369608168561126,1.4187647174993847,-1.0848015112896439,0.05001955594178297,-1.1691922691489145,-0.1832087261257129,1.2710551596550348,0.4724078766313662,-0.9210239326088077,-0.5220729126416318,-0.3794775368490059,-0.8342997188050363,0.2725888067724962,0
2.183821228448316,-0.5594295886390955,1.929816307352405,-0.0036161253118272216,0.32216898398366983,0.2608637526705621,-1.6963525977730047,0.4546925310550412,-2.4320383013464477,0.20922217115670047,0.16278744394658878,-1.5349149047616346,0.06477091088301244,-0.2928821938372841,-0.15368718720445124,-0.1435713494221972,-0.5890580744629521,0.07569957274402503,0.865663105571437,-0.23895328476779332,-0.05025183880844368,0.649160040869351,2.269592912045961,-0.19280539688483753,-1.702273529589918,-0.8966875355164718,0.6024436633336768,1.5126242730428014,-0.9457053090017427,-0.04341982274754705,0
0.019286089598719153,-0.7688210914640773,1.535233340539224,1.164075622208248,0.344153339570082,-0.41990446818277943,0.9562271738291998,0.5139359951346921,-0.4370414479252563,0.9714682517482662,0.36923284766985837,-1.6606920413940491,-0.992226287080217,-1.3293896016165354,1.0312005083827862,-0.702148539495451,0.6271719174818791,2.1718728112645045,0.7941346906606703,-0.41896911048208807,-0.7436762878193635,-0.3063474686755855,-1.0277616885404202,-1.144482016043094,-0.8049646820214164,0.5322098006988627,-0.5208580354097955,-0.2252838875271883,0.4691865118865208,0.7272374348353673,0
-1.9293105223968776,-1.7233327284549085,-0.38603196251014277,-1.1148154895450175,0.8545358285376798,-0.46384881570848624,1.7976122830672097,-0.4879173799274212,0.30862270170856093,-0.6670602125998031,0.48759700330810957,0.5096007147206664,0.8877502281240627,-0.13428077096336166,1.2703469762079629,0.29963101717715274,-0.643151854017616,-0.6360073921990284,0.7288225628321425,1.2642598838462165,-1.1220624669737596,0.750980986445438,-1.4863559944496425,-0.6174832712237202,0.48973370798170496,-0.8475126969334887,1.4657539975652252,0.608579932347221,-1.1815230713148,0.6554656279314668,0
-1.3203684165772067,0.0036996509943369176,0.8773196995050419,0.7092985012765045,-0.08635147349720619,-0.34428981433651357,-1.1578001674480003,0.18259324988398398,0.8044881037977281,2.0647263446912385,-0.45613263615362076,0.8466643625065032,0.7644760727268091,-0.47649131717802073,0.720966030121658,-0.8163541895363151,0.25702098773356713,-0.21129349531246125,0.44354976904126764,0.5231683035202983,-0.5287221347926878,-0.009673321648320706,-0.12863285640693636,-1.089461057027101,-0.36978069366454674,-0.5790488746876551,-1.1271058377877625,-0.803823825909793,-0.2582568621543115,0.05502410874875974,1
-1.243675468761573,1.2002993140496159,0.6133477661718985,-0.08520015729624723,-1.2189243442196263,-0.21254825189861015,-0.273258097900954,-1.0804780505901634,-1.161755708038995,0.7664579247448887,-0.32399905908525983,0.88556983054883,-0.013169765910005248,0.7516795773910778,0.7183267886410581,0.46665912624746786,1.1826227297896883,0.10032842361811972,-1.4947354273952616,-1.3352151279425277,-0.6527992087112608,0.7419477609884125,-0.40005539793166983,0.2053079738244483,0.5356769578069557,0.1644028612764067,-2.2911278410188403,-1.1869130236868168,1.7659151869812217,0.32606004789339854,1
-2.69966686653246,0.06972119607955805,1.802635639760081,0.2737962932256319,0.044396105893885096,-1.8283620918781986,-0.2708817942847589,-1.643221916537664,-1.2224563821659922,-1.4511763048312323,1.7394400238160816,0.7280368426667866,1.400982760513926,-1.3234686067912402,0.19076529656134195,-1.008093635231151,-0.9011195870674172,0.4694431956306679,0.17880325341116546,0.28623003935528346,-1.2561250737149938,0.12759172503355887,0.3477061584132904,-0.6751998684312748,-0.27193569377586024,-1.6452941016083644,-2.1557158642002845,2.0083198774398454,0.20483624128343408,-0.3589171948661265,1
0.7982348849140919,-0.8701103594534884,0.11015490630390032,1.106250767973474,-1.1020655294239448,-0.49200171706871815,-1.380762917803596,0.8352209456091381,0.20537555663868967,1.171689071850628,0.8428237490572914,-0.26141738106523305,0.41078011883961635,0.4214693886470697,0.7334565328946497,1.4664158669366583,-1.090479290207406,-1.876319450059223,-1.0512250303977018,0.47278162835886856,0.41375867029260743,-0.5688126923608786,-0.2717721253511043,-0.8342969769627625,-0.10709424439391774,-0.6937274961304123,1.636808725261201,1.322838367734741,0.72378873992339,0.031249639788997988,1
1.139198742169435,0.09873870284808921,0.1611761336342103,-1.7279790235999564,0.2606771929580689,-1.2911754114273717,-0.40282929373536275,0.1689655182316488,-0.8986925708486472,0.478714791796798,1.0517305506286485,-0.883811017859219,0.11739161816048284,-1.2464619753620054,-1.1669237580001952,0.3100349304470419,0.7134365647057734,-1.5092357025176766,2.048657804511366,-0.4968765931390763,0.207401807738606,-0.5341173390803984,-0.2843944850514173,1.5183465832046172,1.5054712941812256,-1.650441075736457,-0.5636643434467955,2.950640637252465,-0.4330185920638149,0.4226812874724428,0
1.1363865271022342,0.8532509653778111,-2.8175557711498596,0.3339640130584654,1.7493081739799614,0.029397646626175278,-1.0411806382560476,-1.0221136924725602,-0.1990689453933484,0.6752210960047057,2.889636366314695,-0.2897886244119525,0.5619679229720448,-1.5445818291987343,-1.6849550057455047,-0.49691007018699274,0.4454380747556823,-0.08632582046921689,0.053260297006498786,-0.27449128300248743,-0.02774136792159778,-0.2938367755529831,-1.3496416673495977,-1.491505015677118,1.359401433418873,-0.8232219626012321,-0.24054563340453142,1.1899497244917934,-0.26962267897497655,0.8774835291927637,0
-0.8880333481289298,1.5553868923074676,0.22701680823275364,-0.026843218821469957,-0.1648151637773649,0.7650428085303205,0.2362296180850857,-3.197353275131197,-0.448038350155747,0.32197843187432706,-0.9682072899230895,-0.5038439852568565,-0.3880090085913088,1.5949767956436083,0.5978110046371399,0.3290440649688764,-1.1657864334782246,-0.6846903108812956,0.8502612429971158,0.6601059547640267,-1.4205213496811648,1.3994067943391155,-0.860642559563215,0.3583080815327045,2.7335057139918475,-0.4183779351029197,0.1675335454997007,-0.5587903386444261,0.1752538964448683,1.4251262586071007,1
-0.1945432991708387,-0.2943071038810867,1.103550144934542,-1.263230759116636,0.0831180265843086,-0.7276939417426994,-0.23797820318233945,-0.8873463311031937,-1.4288123767120542,-2.2085000634740592,-0.45272324461927566,0.22794806506264004,0.8132395690459574,-1.3354695494792783,0.15230349662413156,0.5592548502234927,0.36019830380335716,0.2577507747445841,-2.162329135580883,-0.11959415366129833,-0.08227856713867862,0.545382221408539,1.3874937021903517,-0.2591315299937543,-0.34495413707243044,0.13053042396057105,0.02178163909977918,0.4324648545551765,0.5290809635741213,-0.17611559370188729,0
0.4992399829028141,-0.21877296827795192,-1.450449117699464,-1.1562193455450336,-2.33497892882396,1.662708272112031,1.2852547622965917,1.0347034233770467,-0.21638695128961227,0.9766770784340889,0.8977865490245108,-1.4541734441228489,-0.7862332640716245,0.5374845999087859,-0.48909124046350044,-0.7072394155089806,0.8236168121014984,-0.828310915462721,2.4816023285889437,1.5942723791142848,-0.2134606729781646,1.2496064954574266,0.1865340606003747,-0.41583229980689346,1.9780680081097222,0.39047021776030144,-0.8944977217374392,0.46005925584634305,1.6774538554828882,0.0023524272655603175,1
0.2095696127285847,-0.2997306101051872,0.35197447079251665,-0.9777902407690452,-0.7955226283071312,-0.34234610228234896,0.16768360210406413,1.1124339121134772,-0.1471650664149204,0.8274465608353765,-0.4402826083760225,0.5886996031241536,1.198983152569527,-0.11514893325213399,0.3512672686178227,-0.5863383443289755,0.5864407691555733,-2.8014415052062374,-1.6259482833498766,0.5727996292282127,-1.635954452635826,-0.4889397738919006,1.4033789059778712,0.8639117438509128,2.3949059764498717,0.07538849130721371,-0.08273540930709561,0.010144596164077535,-0.9248403707340691,-0.21317414057175585,0
-1.2605269327821818,1.1730891420323395,0.7384482023542766,-1.1604787869710713,-0.6650374711213526,0.3905741470171744,0.2711150378428027,-1.0495046264282584,0.06610747317458585,0.5713119547181211,0.6000220879298246,1.6846560034086944,0.250062053277331,-1.2408555419483593,-1.0645349817265888,1.2561806612255784,1.6109391947405207,-0.03486973776805174,0.38237851686173285,0.09305603251558174,-0.2981004201194488,-1.4910567166440767,0.4772732912308342,1.781950512193701,0.17021617948137865,-0.3019518405546467,-0.43167727983778487,0.496920610452224,1.1511057028081224,0.5326736572945991,0
-1.8696669388384748,1.742374615657334,0.8332649504112285,-0.18010760051076247,-0.5303152614386404,-0.44674304364864686,0.8626461255237597,-1.9754694904445544,0.513707221416591,0.2805466022174183,0.2665879109310322,-1.1627872516127034,-1.7040600247757423,2.2443869149204976,0.1329333542738144,1.9359559399000426,0.9033442590847456,0.11241414963107402,0.23189854033597565,1.0803346372375657,1.1927921174395089,0.4759921628943312,1.0927720314029645,1.1403350774553112,0.32964823665722987,-0.6037949456623262,0.49712512865555286,-0.7482920921861648,-0.3803993226709527,0.39754738840917947,1
-0.07922507360368301,1.315531449627574,-0.6604205064146931,-2.128134136733568,1.3100354995968935,0.047515827932448025,0.09506400743955333,-0.7884142942865083,-1.8836349116658653,-0.8188350871052067,0.5700077287802398,-0.20115775015864076,-0.3325586279009856,-1.6993116498575849,1.811281711439971,-0.059295695803715305,2.341921748280682,0.3667741523593291,1.5510747237976468,-0.7177903061834895,-1.5143763908646626,-0.1864971961935628,0.5600103614736494,0.6686108673910094,0.3945246302072215,2.291771715760782,0.391830724879416,-0.3100825728089407,-0.2335477544901506,-0.8053232260246339,0
0.293174066796402,1.0815653043042706,1.4089816330274398,-0.29682600714087676,-0.05285632207448736,-0.6415926248280618,0.9683173660646999,-1.2345795495474055,-0.7219988725181353,-4.1577338773991315,-1.1792363937798465,-0.5910630470681757,-0.5107741809825982,-1.294881465246583,-1.129852939702511,1.2615698065325773,-0.7799266304808247,-1.809265803002396,-1.0428443758701171,-1.029556095029723,-0.07034827052165601,0.35961635303459194,-1.3535812754284167,0.3003022660112235,1.3997391457617752,1.0160255518770371,0.5792228150775092,0.40772247679410417,-0.31687682069529177,1.418875266484242,0
0.4292396716006999,-0.8043787149359223,-0.150766794947959,-0.6756999641781269,-0.138867507385521,1.2154672559569202,-0.1762829701102824,-0.7945957467783822,1.0406799083211682,1.2765281834512912,-0.7853551518837901,1.479942720349188,0.9625052064592768,-0.5519153482090762,1.218893843792714,-1.2318958080075861,-0.48170788870821785,-1.0949429970290874,-0.9766340672933917,0.8510898853935345,-0.014646764130451968,-1.1110765315829958,-0.5896046025052747,-0.6646370316749823,0.25085221299374305,2.2731185049115914,0.20573824449045716,0.2719319514574627,1.5411581492560447,-0.5428526470960725,0
1.33287915342633,-0.42450194368434657,-0.36020212623210945,-0.3296962857929145,-0.10701549990202608,-0.17493418497650334,0.35825557174600997,-0.424285420313237,0.10045457631213157,-1.6116526271359064,0.7824163715336389,1.132025797351045,0.22156914024602964,0.7478553719760718,-0.8374321978964817,1.5175825421457456,0.19019478823312225,-1.6051305502588664,1.2153881584279511,0.717733904991522,1.87163194079384,1.6638725537906118,1.3418158205970103,0.47397977381347073,0.7130277341915263,-1.078640133649839,-0.27700270253890275,2.984233944960213,-1.7276684491416856,0.3102414517721507,1
-0.039445478681950946,0.8533454210352655,0.19861643684805563,1.2145708328206648,0.015146082177220407,0.7742651939570319,0.36568355412909376,-0.2916133499700242,-0.43403378916099344,1.2778609980251334,0.624946722185393,0.9962022399072032,1.254794909054362,-0.517786851791997,-0.2708266113951118,-0.3408038981248794,1.0311289459001363,0.09087389302706406,0.1832603909397006,-1.0547454657526805,0.8240362287784764,0.8571469683308649,0.5610101775814914,0.16281258206470778,1.0432459456954122,-0.04900888273910334,1.4195909837705603,0.7148804345786275,-1.262223340124271,-0.1335506004949073,0
0.3249331387277581,-0.6966355636228753,1.079560289713864,-1.9760793512926338,0.8037927182183456,0.6903500500247922,-1.9874945236141557,0.10350457324522731,-0.43497346441583234,1.4175298097054154,-0.8374927020401955,0.7991739863956759,0.9983205919567683,-0.3925933529075104,1.297741140730135,-0.41552312958108695,1.3325402245193696,2.604360429515606,0.9302400187195483,0.6121698522755217,-0.4731139859363573,1.8570534701993986,0.8882357218359334,-0.4604341424779612,1.499115095797363,0.10988485119061517,0.6768464352191248,-0.4104031635285864,-0.9385868470043081,-0.8865958230753874,1
-0.3813848633790828,0.5131787297528034,-0.2980904531957508,-0.7912945517383477,-0.951111613345185,1.2664813623352809,-0.12249953102296265,-1.957648130011573,-0.007744293993615582,-0.4153873876889075,0.2044643518965026,-0.5672245421093992,1.286875826580278,-0.15339148701795244,-0.21039866485214606,-0.3160443461170299,0.4736887519497323,0.3949327502542474,-0.3908426492067235,0.02385546735037369,-0.2530138091941691,0.849708106046468,-1.2887879313821295,-0.34060715860283935,-0.19554856063024253,1.3946822639785172,1.1753439780160668,0.39215388360058334,-0.9944137371633237,0.057241529860869146,1
1.879647274890869,-0.14869462316694768,0.12861818870057629,0.18641074492584755,-0.8497710323936045,-0.8089753280328158,-0.8100026074418146,-0.29827256819445075,0.44220226909431304,0.16993599137144494,0.5073787806518476,2.1604107610858074,2.594858210882812,0.09383918890613481,0.9231889668998287,0.6591049302302946,1.0769407123882622,1.0416924009883979,-0.5282117406041169,1.9813250466262018,1.5310982374650135,0.966576419062436,0.6856658875931932,0.3984000958610959,0.20523256035409104,0.7876512869933435,0.253753554485931,0.3779756841324883,0.023595609836086884,-0.13350331491931855,0
1.9157356636431584,0.21065985002905963,-0.2846774165518134,0.29084574262930046,-1.0827489647616673,1.0664242582745938,0.13796362103858664,-0.20171434873172245,-0.30416032932745735,-1.4528556090837448,1.95125443421256,0.3247041529258104,1.9370213132949767,-0.12508257463055114,0.589664406153403,0.8691279472872773,0.6240616304605195,-0.3173397456707714,-1.6369832841231013,2.390878390782246,-0.597117572394977,2.670553428092412,-0.4701919545633814,1.511931754200172,0.7183057135723693,0.7640507816291063,-0.4950938012337935,-0.27340107203237196,-0.2592063113978066,0.27476886664481026,0
-0.0847353972504415,-0.4067165797011598,-0.8155265537028598,-0.7169880494593922,0.5337426706676669,-0.7018564595341309,-1.0990442869337207,0.1410101365567104,-2.1819728400423695,-0.0063975859606927605,0.07883775966813557,0.5628974831850584,0.34110195328337284,-1.2779141981929174,-0.18622030202792714,0.6527795490842441,0.4180403224379297,-0.7818704205472248,0.4159034742644407,0.9148892518044398,-0.9762990362104499,-1.9602337386125688,1.7740633864071853,0.31533491407774344,-0.45729182889119463,-0.4915552949606226,0.1467905375237725,1.0410184105215592,-1.509788136871486,-0.40094455982374405,1
1.6539674199545737,0.8246189558201007,0.7393077205547591,0.4076965113788939,0.3104812765325036,-0.4681751038217448,-0.5582165175640257,0.8061324475603655,-0.5396075638872762,0.283832581794862,0.1517354913250618,2.1918875824841977,-0.16042229633668875,1.1684633122520025,0.7073051056639148,-0.11724288741233224,-1.2439873357605595,-0.05296355810964748,0.8992364267471994,-1.2248175802291643,0.8357095015353008,1.3428868704211743,0.09600706991189902,0.9136967014235043,0.14025448292592965,0.5713814409265271,1.4935802857551694,-1.5539759502445607,-0.7652188928038167,1.2506814379233537,1
1.4351205913038925,-1.4079259373684674,1.5623035978073818,-2.5721394162400655,0.6255895186950785,0.21879428533500353,-0.7331126422263499,-0.6715461236407426,-0.63468370784258,-0.20415242070368356,1.986035374591629,0.8231036374738754,1.4344041300692356,-0.3220771548847291,0.23025892405716294,-1.071594637116839,-0.2784447207587021,-0.5524995770645335,0.48863922416820704,-0.706854389772492,-0.8368649319674558,0.39635091924514904,-0.05351696687182108,-0.700534058570091,-0.8466441311211507,-0.7008697755079829,0.8146145268986962,0.4175281423626004,-0.7551771251764297,-0.7153908209379616,1
-1.1473333020370355,-0.3932582656443868,0.12295425274899122,-0.8789413410130936,2.187313560086823,0.6237824350469979,-0.03217554320200616,0.08507262498295899,-1.3914045775500556,-1.199027758371336,1.322892114419834,1.635098829324158,-2.2153914298200967,0.4703841620931579,1.3816385027125864,-0.34174210005810474,1.5193435306988226,0.7673475695603332,0.45091019947162314,-0.24465803070347314,0.0921099226821653,-0.4474139970060515,0.2964571631760647,0.25280393377875804,-0.43428764210482956,-1.9470343640704435,-0.1949880963603248,-1.0178732565193258,-1.120872268082671,-0.6899981425934907,1
0.826882377906836,-1.1111312350036573,-0.8874122161344034,0.70677379860173,-0.7656466901522565,-1.1272000044769592,0.8088364295536297,-0.12946552115672763,0.06533992771381388,-0.22386779097116247,0.4233086106456018,0.6854729614840417,-0.12298657441307477,-1.4981464127415656,0.29748137953367043,-0.34000624690348064,0.8572847770384584,-0.8956108711257323,-0.3143946553408244,-1.4818668507831434,0.7831555404081759,1.2253497920933831,-0.48799775578464843,-0.194081813636885,-0.8096791452334742,-0.7132542966747782,0.6935607071323774,-0.5041516332022218,0.47514993786676735,-0.015230040344624817,1
0.7505623191923889,-0.39239836466526634,1.085309581182499,1.8754506768059784,-1.7003498213542614,-0.09216933031086971,-0.09278213710299776,-0.7157129469962962,0.4075077541470219,1.120597231418985,-1.974019268248139,-2.049684235038384,1.6574285590790905,-0.23960308754855483,0.08945714739230545,-1.0684707553338806,0.044331760381281,1.3688754395404252,0.49642435104844507,0.19274436567179468,-1.7699979429604802,0.7426924444665326,0.009586884776565751,-0.6079965501916844,0.6425085060224615,-0.8478558668775765,0.5607732750108635,1.216885873832257,0.15421445806816392,-0.4239945944152489,1
-0.572151471454977,0.3826853437377591,-0.4320285592426383,2.3664899028405864,-1.4151162686365801,-0.12976213358490032,0.27257137943863824,0.15351731511691835,-0.5607533929962527,1.232262542547186,0.666852900643008,0.739786913017019,-0.66792573637822,-0.40273743550970126,0.4882495195389887,-1.100505406808146,0.6655660017365909,-0.10095049514420978,1.0645956135187735,-0.4276195643280089,1.8141773903272638,0.41050305316852465,0.5204319898764955,-0.6925713092919072,0.2533403095250252,-0.5492331320478137,-1.5403500318190328,-0.19565407843172974,1.1628173201125553,-0.0641202986170108,1
-0.29414479713643366,-0.30741730716610516,2.2415829478838663,0.6084221761697429,-1.5900059417497086,-0.54314561759134,-0.40081724180068995,-0.7212070675280435,0.06435664943990058,-0.5738941952291813,-0.5127535779645837,0.15351872362572672,-1.5407221877060948,-2.1510711493195678,1.2428218977323782,0.8372287009432141,0.3688922882614425,0.30466835465075026,-0.1892525680559966,3.015966220248434,0.19295446902740349,2.6080964478955364,2.0628073213897804,0.46165054005964357,-0.20998887515649034,0.016011444238666888,-0.40082710833707447,0.46100192249789773,0.6737948145626026,-1.2241890109255422,0
2.6144663161649673,-0.7809825251126099,-2.6863200863839936,-0.08179777708071369,-1.1484407118512812,-0.05342809179476351,0.07092513638083854,0.44528148151848407,1.0058549458164392,-1.007474731221113,-0.3633359300665732,0.6785467368965267,-0.6574132528663154,-1.8773959614640323,0.6193936092920608,-0.5652533204154229,-0.6318124527856125,0.12006594821292532,0.004138283693697007,0.9972196142497648,-1.2490551408712838,2.2621534385908326,-1.4141409751679528,-0.387749145105116,-0.868523692488169,0.05554024348348685,0.018774125268647506,0.1663670947591698,0.2613300849905636,1.3063969410578073,1
0.1566416086498811,1.3883602912506816,-1.7503971533291778,-2.1843396032470523,0.12703551521445536,0.3269961175899004,-0.5338585320431306,-0.010137472655106882,1.0753291112250842,0.6703465773064909,-0.3299644422055664,0.19786957972601227,0.758883895142333,-1.2295477950617866,-0.8049838762039365,0.9233542829773588,-1.729665335520686,-1.090347197389696,-1.2133664498923673,0.9178377934603246,-1.084835835696802,0.791892832166505,-0.35331892646559665,1.7787054839940326,0.12832628728807519,1.066941711115316,0.4603590278834053,-0.45083169606300894,-0.012544993403321176,0.00837833350878507,1
-0.46184992468038666,0.8879078290151443,2.5106065616339217,0.11585311355477819,0.7166112034574763,0.5288034907314321,-2.6100543642025102,0.491567661519163,0.4415220753749555,-1.2485860269776359,-1.7885092582015252,0.42714869638542674,1.6452863433211469,-0.3693315291729936,-0.33166521925229026,2.3083095744339728,0.8959888804975125,-1.214265987332007,-0.7130043361284641,2.179278110439961,-0.6630318991348428,-0.533233979566962,0.6706366854014294,-0.2635201211901141,0.44342565491808683,0.2878765607740558,-0.1451413261308605,1.2093475979284476,-1.2752788666417392,0.11749705112276602,0
-0.5802360182119796,1.6419737653094837,-0.17445428649191552,1.9225996888459624,-0.42175063068383534,0.10914361713080563,1.0881048028003286,-0.955566296168911,1.5090989980037275,0.026117005512942812,0.4115608277886733,0.5460205179815026,-0.07605489907112073,-0.8097981154168832,0.09423154738032105,-2.01130321015324,-1.3106801442057294,-0.14010270856050916,1.547352104704439,1.5170759574820836,0.9794662341266864,-1.5390580761495387,0.3007628202744771,-0.8606052776000703,-0.06721009688548792,0.9545032883518858,0.6578822538600875,1.2831801878326652,-1.4092221304548074,-1.022825807447942,1
1.5064347540078549,1.521785296565333,-0.01618319118389974,-0.023367602809217434,1.1728104434623736,0.5321314139619326,0.6063360776676646,-0.9248152828074632,1.149361031518904,-0.19966076574687866,-1.3923553648968396,-0.7813448646821745,-0.5970803383308159,1.4780151414487084,-0.6966319431874555,0.38468941710234816,-2.110253991952389,0.9368042383456165,-0.7915856744523998,0.3908216235492104,0.39043179034516506,0.632987929649642,0.33230628946285273,1.9145293850027463,0.2087368603002031,2.2485298429378955,0.6377328123140145,0.2747132015269279,0.8915102860963906,0.1967223438459701,0
0.44915869835245886,0.34729326276985867,0.247513425208579,2.1185209986878184,2.2723730371169863,0.3270318599084485,1.2594589676690056,1.200949011901745,1.092752936348867,0.545051524620067,0.663399106909608,0.5712110417743173,-0.7185533430211918,-0.06531335081829703,-1.1967971703515978,0.5764423038170543,0.43117242766699027,0.6993223063078676,-0.7747897658068263,0.9644882320212479,0.4713137619770016,2.2329571767549248,0.8060498853569552,-0.5977707523901931,-1.3502579953806557,0.21815713950164534,-1.0292218942102334,-0.7345159452396322,-0.9659558214840794,-0.581127279915902,1
1.4562042828820287,-0.9673421139618744,-0.4246868474478268,-1.430559725453751,-1.706406508778117,-0.2794195134837866,0.20748439092248103,-1.1503543639874232,-1.5194346517838795,-1.8713324071391018,0.14543858801574627,0.9349398254486428,-1.4282922244507523,-0.6477553803417955,1.0822738469140616,-0.21354952785688355,-0.10038658806673997,0.38030543204270356,-0.4431680816596489,-0.7777033833651592,0.3073387760655314,-1.3812547095495948,-1.6122146088642617,-0.692043367872786,0.7120568041598824,1.1624656807420841,-0.47490668462364577,0.8302910712421719,1.3817035960959523,0.03775288090122015,0
0.6364243307301304,1.8665616558599696,-0.7047891063935453,-0.2416272367577366,1.6005103401991503,-0.9402279284707129,0.15551993905971476,-0.6282841552577343,1.3637053215940615,-1.1847984619593452,-0.06714387730565395,-1.0469618488822825,-1.466557715493005,-1.8981031658506606,-0.16466865964688426,0.48365101872887567,0.018320498950954285,0.23460830936723895,-0.4344029884992555,0.9843786400224737,0.7277988826647666,0.12552636842381093,0.20543562019698358,-0.46577715441461026,1.945427101337894,0.8082094575524382,-0.10280912480610195,-0.1726257235992655,-0.389704379808984,-0.29867069456817513,0
0.24639912913394163,-1.7066709658296542,-0.24910731909151515,-0.13109517417249408,-0.008311362253053812,0.17461223753421118,0.03188110446664611,0.4050995776689269,-0.13496755547495418,0.9880034011275417,0.6578311552437913,2.2459380089186176,0.7017400412655397,-0.7451651991639213,-0.15678440638467908,-0.5073074320201736,0.007965348966846572,1.0978631658155484,-0.3238509378683419,-0.5685141177115781,0.5162873424327697,-0.8152612714490838,-0.8743261072879215,0.38197455076590375,-1.7915512830887799,-0.48272191737904013,0.8558368220269195,-1.8336008619132829,-1.7608574113284678,-1.4339867851984731,0
-2.731171433338019,1.8966659641477734,0.12048426351309095,-0.6704555730003404,-1.2901548585092915,2.2012140670679763,0.6550189462465159,-0.12838653487371124,1.2195191727786865,0.3887600256235102,-0.5019795795380165,-0.6064123412929866,-0.5903991287825971,-1.0160229592371257,1.1115754419045416,-0.51798130500021,1.3531846761807327,-0.8286862235448786,-0.5990199364726209,-0.4524144377819984,-0.8990764005252774,-0.586427598445643,0.5505758032849472,1.2019929469918094,0.2990658096979708,-1.1906823583185313,-0.5995028195641138,-0.5786202343223985,1.70050577879459,0.985555297061107,0
1.2142107381114733,-0.7089511969589625,-1.273452877635327,0.5733773107347827,-0.4602124028683711,0.2915857982388421,0.41246819014486247,-0.3951124404049872,1.0041108560006486,-1.4603995592694727,0.10939647148495081,0.6784901527124055,1.702266372951124,0.13481440190171345,1.2574287773257453,1.1917601211469642,2.3368015185029716,0.3237346933957966,2.0520795183370004,0.8100651262553572,-1.5341376632485517,0.02873527668600165,-0.9165515598032473,1.5302566961290138,0.16857748482925433,-1.3195547808650436,0.8827713067941458,1.3215497051568867,-0.4031736653441518,-0.44704008646221904,1
0.20166797445578635,-1.8106795171661254,0.7097195705415921,1.691311662383325,-0.6506935435131023,1.8430591681118977,0.9948246770143582,-0.07702286192243937,0.6348357733216121,1.5976885886548708,0.14181814537521223,0.3925713400839369,-0.5354770725948439,-0.11987642864821618,0.70080009320114,-0.18035110173841615,-0.5034377627443817,1.150986528403797,0.48250344635053594,-0.4801130958689725,1.752802975094481,2.113616635772922,1.0146002152810452,-1.1946566430445786,0.4070352117582124,0.5886204393916044,-1.584962961705255,1.1920699040233593,0.20915992253546514,1.1225744723452835,1
-0.3055350491974257,0.4842206859748517,0.5319098737207835,0.18858776355993406,0.4913832982292309,-0.1371079230451748,-1.1830384266335168,-2.0416872385972753,-0.6173491642993111,0.7908135832109439,-1.038843090434755,1.0608052048854462,1.3911858261826548,0.4727183896331791,-0.1659559603292006,1.024708250886757,1.1570181458756805,-0.2251070407217466,0.08481266916436946,-0.8134961507455988,0.2862006366083348,-2.066957338284534,-0.29253623524650824,-0.8532260813864838,-0.08808308933413563,-0.7952049439529283,-1.9130780069388953,-0.6538905120515981,-0.47567276305612655,1.0652297147049856,1
-0.6410732886265187,-0.8475246761846134,-1.191892326910528,1.1425493813047638,-0.22301649484656627,0.2723275345295084,-1.5437857284138254,-1.754842195372239,-0.9018757267892956,1.6232236547138759,-1.0914075440452322,-0.6261169394664815,0.01291255822882078,-0.6251575254527275,0.47846390032448194,-0.8310781489804725,-1.1010117260064118,2.7178263772691684,-0.9367605169215862,0.795161999338613,-0.942237574147252,-1.5409470331588948,-0.09025896078256421,-1.3409047694257348,-0.3931453714982829,-0.7958455275300585,1.251851220447895,-1.541938839029546,0.6758862424115755,0.2851061089985153,0
-0.2290842842252286,-0.7581555019762545,0.1722768509421236,0.22528671962509728,0.3937478584509387,-0.2691343473563661,-1.1450229233593685,0.8784642227347697,-0.0034426539260053453,-0.6128818623196808,-1.0015984418853472,0.92246742174328,1.384358141647792,0.5753386410954391,0.6424490508660609,1.1723839190973795,-0.361858293401722,2.1341010272322594,-1.0595693928394825,-0.24336422386370005,-0.7715574564182724,0.06358825146004865,1.7309123506152988,-0.23840514314558495,0.4215847232555594,-2.9081428790148807,0.42769056443871606,0.9984712014387791,0.12294142758737593,-1.0662995427485744,0
-1.2004650039057503,-0.5545381232539944,-1.208838794034574,1.5759957513931144,0.4675005189683558,1.4446819695185904,-0.2891011483545073,-0.7645126289536387,-0.7029285693850487,-0.46220371334055665,-0.494347045573536,1.2217917572171233,0.91364626771617,0.2708775925322395,-1.659737180892973,0.2950555301892179,-0.3107965495482552,1.4062351039421817,0.8954319457276122,0.14216280130518383,-2.097694365276756,-0.1360955468660721,-0.6533046868303847,0.40534096397815805,-1.1421221524151952,0.2623424791565199,-2.218162678728989,-1.3856160909877713,-0.8798549646255367,-0.5461828057902709,0
0.38891585876857615,-1.655051810193769,-0.6411758311122826,-0.6157393624640694,0.6879988525855018,-0.1917249237996095,-0.9673764777461703,-1.0788298815688058,-0.5527782524048325,-1.648416857080441,1.625875154854668,-0.004358430940046225,-0.9135480839570614,-1.0544648238596173,-1.207317958680624,0.37117815414752814,-1.6533770954016203,-0.1779906450866065,0.5736247871843808,-0.5859582646638467,-1.011871067235585,0.8376983725364874,-1.131934032846908,-0.2776884195771628,0.11522027288713124,-0.6041296812540145,-1.198384793438958,-0.5585096904405007,0.34032571826153046,-0.7285510258093241,1
0.45496228004862144,-0.255228048980709,-0.6050586137199477,-0.725419734896543,0.2320657471192713,1.1269466797824685,0.12184484058621986,-0.9647565150165847,1.0931717417994093,-0.8852346168027055,1.728919939100368,-0.16085546689316363,-0.878417589127318,0.558753123060474,-0.3114344564546851,0.4428534079338535,0.09200303903842211,-1.3791755740993346,-0.07007371037504706,0.5014084216523519,0.1125135466679248,1.2558403463893233,0.31187808545218887,-0.24190579140114038,0.21025420532554676,-0.4924415709563099,0.360494957323914,0.35911931297162686,-1.2387615917908341,0.7725966587853845,0
2.2334690523887932,0.5459990171236994,-2.030041832645766,-0.4267848484897734,-1.2794075974829995,-0.29179723931073215,0.685945241115339,-0.7182794213525967,1.8847034854567255,-2.880723497607443,-0.24810660354417172,0.37926621171179786,-1.2194409526157701,-1.0878321308389858,0.7562878771829936,1.9283985792321807,2.046032519466307,-0.34658366633653037,1.3513321020077433,-0.0687790706085137,0.9166981068049914,-0.21064606345022688,-1.1346845100294451,1.6018268207792592,1.8625155369300836,-0.4207900638178512,0.9366282102211093,-0.14500739374349012,2.180909798689461,-1.4929094490949646,0
-0.17828722637084168,-1.447256999385885,-1.5866860916944001,-0.11589246334114435,-0.45042967535614215,-1.0113109436411976,0.8371925384266057,1.2987488504062534,0.5128685829492398,-1.8767619835927987,0.3394964973502811,0.32972662763871075,-0.8422459684320843,0.34585583153887217,-0.506966255145484,-0.8203371191592813,-1.1827184910050845,0.8343417649697251,1.2934297623510091,-0.14132245932685733,0.9847186301338511,1.5264754611985272,0.1313068226703586,-0.07740983915391704,0.46962951880373915,-0.8377507375078271,0.5468851155465655,0.1510955141376075,-1.3066961811541673,-1.2949914177837867,1
-0.9853023565583986,0.5126467873616543,-0.33734606311732157,-0.025032823640404833,1.366319146205216,0.4428154737318007,-0.6425112094313903,-0.9870964961511828,0.30510575341095125,-0.9710690827432594,1.2530278413032652,0.24577342479366113,0.12917315883910296,-0.9549625976741616,0.6193708428027064,1.12844519798667,-0.13627101142459339,0.9282262934683428,-0.40483574791423244,-0.06228000006789418,2.086033117982476,-0.371480185712446,0.5396849840212897,-0.38909525525757216,0.28043987099250106,0.6961278864715372,-0.9008290628232379,-0.7051866183098977,0.5676668177070597,0.16162810611253403,1
1.1724748838408594,0.26991918562621786,1.8601693713051364,0.6968184227835392,1.8786510022866163,1.6895213344457145,-0.6420027516580673,1.4803943097751824,0.9402697214662604,0.8703096974941981,1.1850101136855662,-0.3091799510330464,0.3284618935817933,-0.4205470087022417,2.309845000145453,-0.7528493733501906,-1.2784387809422082,-0.8175354532245936,-0.0549996983639121,-0.061803763818797444,0.8901534468810356,0.030994622762638768,-0.4947942213329234,0.4829371299264256,1.164833980528922,0.20713079835957568,0.8686542803648207,0.08338141042843436,-0.25982458556856747,0.6983484095619863,1
0.22863128028591784,1.004419780870615,1.5422179292591955,-0.11332598813798436,0.6469022134927009,1.0680150470109961,0.41030070965316867,0.5101350300502829,0.14339244877123355,0.2554232997723399,0.521867715682743,-0.6077859214593927,-1.6983886334760283,-0.08771324914078449,-0.16915486483318024,1.6201071503856055,0.29617569049377,0.562023815044951,-0.4115597111739417,-0.5958726134386154,-0.8346402997937783,-1.2602110842944017,0.7264294553639433,0.3066307623959029,1.477261106166932,0.5497172538888505,0.24287582607341093,-1.9813725226462082,1.9083098173970008,0.039164174330118706,1
-2.0838126144073996,0.2257851854466173,-0.810900534054254,-0.8465986958943603,0.26650317515736516,-0.5874726850479268,1.026688763317572,-0.11546305203895325,0.39990170457293583,0.5665887056158039,0.2518347701055429,0.21432311429657752,0.1416330278377384,1.493503287568099,0.8438945516960686,-0.6908187708834216,-1.1115028109835523,-0.7940127628946961,0.42781456011863855,-1.1043871363978766,-0.6527967818492503,-1.3430192689980807,0.9315824132282452,0.662831926689443,0.87866276773815,-0.47479390243993486,-1.7587716812863867,-0.8348542400508807,-1.3472555317663157,-1.3577816395648201,0
1.1369413677860873,-0.24687529952071796,0.2893454036214479,1.1031744728179542,-1.0195329158042385,0.6142446982276517,-1.4525401231329556,0.2524907212437104,1.067632024334513,-1.1393189463571909,0.8285540222450294,0.2248514833445808,-0.45433206144060595,-1.2004745465419029,0.24180566023715933,0.49384015505083256,-0.3174330725980732,-0.9810009633082999,0.762463855154879,1.1845471026428105,0.9536487788315557,1.5890662875785375,-0.6515531277160292,-1.4151995560275903,0.4106074669699122,-0.40295873549107925,0.9876478076610219,-1.036978218688409,-0.9638418771002839,0.06806421812113556,1
0.17499351533107607,0.6748074597957427,-0.0983630550714327,-1.9171487541441807,3.4518584750924908,0.03352367389976907,2.8885281390890754,-0.1259452545591087,-1.0528453645480045,-0.3173297821550595,1.1005079372516058,0.619259417848066,0.3076111217748037,-0.06132099524669143,0.1293419268726976,-0.1489631480665883,1.196832614385023,0.9159544895620487,-0.9423821286871876,-1.477413660026329,-1.2260866089282803,-0.356275230975334,0.22114883016098816,-0.05487581847538147,0.6301707647333572,-0.01453172069394479,1.595707997903623,0.5087956305549369,0.01795853597235767,-1.510805346340378,0
0.35029104503651937,0.49914220037077234,-0.713643674387094,-1.1562311208569842,1.0947300226489718,-0.9685623922604818,0.16556808256725292,0.029924251854293375,0.44657419727655934,-0.9612393750099081,-0.12053310382989381,-0.967433937204783,0.07412356248702713,0.5040711332830509,0.8954148620766698,1.49480679288956,-0.2635779450253056,-0.2812491439273246,1.27263586174427,0.5751023399695877,1.2371118354865058,1.9525180938960949,-0.8436131080066391,0.8092971889564318,-0.5992079667224206,1.5634705321659268,-1.1877717586491965,0.9176523152955733,-0.5536136887238143,0.5544237948768843,0
1.2681148602289358,-0.6440011572673342,-1.468355410541045,-0.2589851122438284,-0.3874146218952004,-1.2844615662544334,-2.009494887688111,1.2166617636970305,1.4916163599890162,-0.6018949954416841,-0.2926118107722141,0.807774193535698,0.8234973183533566,1.7791213573739344,0.6216186458671499,-1.0253593639656324,0.7910769552155801,-0.6978102057767962,-0.06560766844292454,1.1125338150129327,-0.9053989790227439,-0.0732053434560046,-1.2257754976567734,-0.9886761505103933,-0.5468633758394867,1.630215897517076,0.033370452589688245,2.6440830764918433,0.9548994847408987,0.9820774805738991,1
-1.0939170523569444,-0.1534925801298258,-1.1430015402467983,-0.30982164832548637,-0.4570144378718404,-0.041906108958206546,0.8255288338000056,-0.26192563413466663,0.843533826585719,-1.4659089226736906,0.4482640053863499,-0.4357169739096752,0.2534846814088728,0.862927639231249,-1.4415215227550149,1.4690902725820711,-0.19364867158218527,1.8619276625745371,0.07101223893011024,1.320887931592534,0.05975385294759884,0.26722859721194914,0.11622323327248842,-0.21952709095055534,-0.2573467580902581,0.2255636371580435,0.548343532788016,0.23356760960796052,0.519177240585898,-1.518128453146851,1
0.9039864451581765,-0.7425788235056788,-1.6474167421595898,1.8475243058492474,1.4101985913727988,-0.010483308179588964,1.0696299355291852,-0.33122668121355553,-0.46940529383435925,-0.5943236430390991,-0.6397408340091278,-0.2590790454763585,-0.7139499546785255,-2.848526861429887,-0.18342712063633704,-0.9692026524909376,0.2972701318111599,-0.2398241477420814,0.6348129612581778,0.013053159356551958,-1.2664256314081055,-1.2661353783467437,-1.2409950367775129,-0.8638084616155175,-0.7027077987038068,0.9193410290191679,0.18628295686380825,-1.8610354581632642,-0.8755654588433287,-0.036643005341920935,0
-1.0042753294319764,0.08102578704562029,-0.8390154894787497,-0.13415914435272974,-0.5690226928345433,0.11218697129624632,1.4407769364541172,0.8929561588728437,-1.0812065260488934,2.5112364201473842,1.1807849617715591,-0.6859089811327167,-0.866312292457236,0.3404914927136926,0.7044152024779469,1.767151576532515,0.5084545337575207,-0.6637485849858159,-0.5073594518946526,0.6266134652100049,-1.3404545327939765,1.4946508981850273,-0.5446292330851618,0.9595145956255775,1.199426283575046,3.0549091920295615,-0.30528094409154755,-0.277895371570318,-0.3296145180869169,0.17372779111311576,1
-0.6445697380629684,1.2119219031752897,1.0081619676095823,-0.25699364814369163,-0.7106806545423519,-0.4361881916452537,-0.46910580799590224,0.4937901567540753,0.19307919333618892,0.821899813826966,1.4873504718765156,0.29865666630704707,0.5930571068913552,2.4563015189422326,0.5706765468990485,-0.48967360397642296,-0.06832418925813045,-1.6658263972359493,0.5454645024244644,-0.5495097509946475,-0.8907744078345745,-0.8650833770855282,1.1434560104288187,-0.2588444374777299,0.7643235270105218,0.3857403282156221,0.2003504632119463,-0.3832387299039837,0.4957410549638764,-0.42590136363403414,0
0.15645856087259827,1.1062414445850481,1.3170138194410295,-0.4360366732963955,0.3721846909506695,0.5842732792311457,0.23743154256048038,0.7635632799322951,0.7746532342941427,1.8376430341005927,2.15627224912333,-0.16482849519067078,1.6602992219300856,0.43909473694466483,-0.17748883856938158,0.6070897650280362,-0.2330031285406644,-0.04267931852209964,-1.0965384591338427,0.08042462323817118,0.9326776830251914,0.7205595822093395,0.3636941445958787,1.736747168613438,2.134110509581313,0.49827032333245685,1.5977155621804082,0.3491790833351973,0.08799113440673792,0.9608479537095288,0
-0.07050046180951078,-2.3596443359870483,-0.2587410677436574,-1.5056311293900786,-0.3878966691770239,-0.5451927480047378,-0.5392145256422374,-1.0515864048278147,-1.1988579835102988,-0.6469908877259894,-0.3709959715209379,-0.2981047772314768,0.2589163898402409,0.7063703918939976,-1.009797302356883,-0.8746592126017851,1.6647284733131436,0.757341491211499,-0.7756118818511782,-1.2534222850819159,-0.4984875107318495,-0.2531633554320989,0.6818628895359156,-2.3019738874025277,-0.9646256354790144,1.7999556311344092,0.01622974956778601,0.06234202014786654,-0.5644296031800471,0.7886780198082682,1
-1.803740252859518,-0.4249721466404841,-2.081181034071191,-0.01981136831762674,-0.44605593528412957,-1.6298749524043843,1.010542173214559,0.6900801642563013,1.0297708230269118,-1.5066648811407457,-1.0036701726553634,1.20207965907886,0.810508778178188,1.4035436295477222,-0.23994640064183087,-0.10934434030161627,0.6161261089542494,-1.3511250405209876,0.19580783892409,2.5350497316839964,-0.35783828914434557,-1.603434932812447,0.41109829486683147,-0.9011599409614112,-0.10698362506908467,1.0875687020346771,0.5581103596795082,-0.4885200962508458,0.8384922270095375,-1.6679301778215747,1
0.1971070811281983,-0.3839974542740903,-2.35969490623225,-1.210712450529899,-0.014614288939341712,0.74670793944141,0.02177140399143375,-0.2960684330563694,0.8097839782103056,0.2742435324326556,0.9972746135623258,0.5744300995818492,-0.7120254593163362,0.6709080400350187,0.9609466275849368,1.400174967778405,-0.5271381695435418,-0.3631261278876992,0.8803913831916942,0.841554474515964,-0.5103193933849189,-0.6724283673814052,-0.4330277176500259,0.0792574529417061,-0.8878113683570045,0.41973147680976086,-1.7268034218300163,-0.8316883599498452,0.18401888559510443,-0.9193633935068337,0
-0.41837065875676477,-0.12729989687941398,2.1210388853970303,-1.3061030615763831,0.2356819576831988,-1.0248343366705168,-1.0623374202215528,-0.875038652801504,-0.1565301766304132,1.433801504891235,1.1748360615376972,-0.45817955889342515,-0.26647739947368676,0.5913346800975952,0.05765714858915898,-0.6366482541594911,0.6614163171125399,1.6209700851127065,1.0584269600321745,1.3565803820408928,-0.13937740648869518,-1.0826348846716152,-2.000274144328628,-2.0719709761276692,-0.20334893280951202,0.50682622423014,0.8430820810057781,0.2430943254652541,-0.7216113303846986,0.6544996430481922,1
-1.198153271829793,-1.103746490900384,0.6129377174902728,-1.2331797782467273,-0.7652719116835105,-0.9776863186482694,0.16913584676361015,0.5882055123985738,0.6139558128395165,-0.5803135904104766,-0.16784413055427835,0.7350695217203104,-0.5303752241608605,-0.9129138843038505,-0.6415735247176751,-0.6078637253575785,0.03069738313727931,-0.026874040238041946,-0.16741556352919412,-0.8000971033866014,-0.932260134973207,0.6491945406076934,0.3431497292508139,-0.4348163336922578,-0.05688363595048978,1.2121361007658413,-0.07192253820095869,-0.0062524411933098925,1.5273965768507658,1.0703443993483932,0
-0.6408284292127191,1.0703930883064163,-0.16993551377853158,-1.0506007312633638,1.3041674175079416,-0.709506154776715,-0.5099602190882206,-0.3813277865660967,2.0369870106255292,-0.9519633360645717,-0.6026353745294999,-0.3422975466766155,0.5272114392066026,-0.06949579835381389,-0.6673134899357807,0.6237927000585449,1.3564996239964862,-1.6231518893556622,-0.6815323400582095,0.5119369844706474,-1.2328301326580746,-0.15489309869973322,1.2707327531939878,0.6226547801654262,0.5210057914346613,0.7473394312743489,0.32492520633215743,-0.33723600933267645,0.9648667128722774,-0.47583241077187916,1
-0.16151363288611673,-1.655898686902079,-0.4777644152249072,0.07862656519664575,0.026416155736526697,0.9238320947681798,-0.43787339840322537,-0.39755736746858805,-0.5411641478411896,0.24136077822275698,1.5463033511970192,-2.310377303088941,-0.48767230115370475,-0.35098309186133003,-2.1316151855745367,-0.12406717222121308,-0.35331258850295527,-0.4388659507765681,-1.1033561746550087,-0.08737952522253253,-1.166446758626824,-0.8420539933913921,-0.19944188417737896,1.021598635583158,0.4103324904448658,0.6138626249427075,1.9616000599968815,0.4404875843164565,-1.0468242692330834,-0.5627495957155092,0
-0.8570978263932356,-0.135725953201888,-0.4113936547125661,-0.9426364926636484,0.9240255931982907,0.9955496774832857,0.17941957798421904,-1.0019482155456179,0.12156168969611236,-0.6118057169435366,1.2857842974917417,-1.1956755174473281,0.6576077487186168,0.6364916072595369,0.896446658402623,0.1962950513214164,-0.33010288615226036,2.3931136025943287,-0.8770600601145201,0.7181078499953508,0.0184320875994183,0.34289383353158576,0.33754054896175023,-1.0824896758439242,-1.342272836999864,-1.2771950689020706,-0.4460251370035227,0.2482186751135239,-0.6873586550787348,-1.436385760531259,0
0.9185522361824562,-1.538638911011321,0.479760737311099,-0.7514000705026117,1.2175732217782729,-0.5256048753067281,-1.7605670992395135,-0.03956902932128771,-0.8403685809781154,0.8108443442587571,0.32973744822612155,-0.6290832030872479,-1.0026953040190236,-1.0975692739413523,-0.5859080923381477,1.3637304639110546,-0.14375147562531967,0.9470297727062146,-1.4808755549138266,-1.9209797090066882,-0.9454249163665547,0.6570864760512172,-0.2888721718760075,0.8896788209701187,1.2638101617925235,-0.9572259554557493,0.8343298063945592,1.3880373946879279,1.033518708982358,-1.593942152647351,1
-1.8549327467342116,-0.44862622734408597,-0.4107755893726972,0.8428645509436381,-0.9676419643977737,0.4157423863680704,-1.0832023058942322,0.34506273118684166,-0.45709514616725694,0.3585037128767459,-0.3638262207853691,-2.2074133540750602,0.5089702578282305,1.170037765120072,-0.8358381914609335,0.8095298121235575,-0.6133590028827209,-1.3499057015178455,-0.6113089156964834,-0.18381313444328076,-1.3204195878908875,1.349632297869477,-1.5308313799035183,-0.5414253746901656,-0.9222547807859096,1.353800544811883,-1.5073732025979647,0.8251775798443923,0.19715140146672278,-1.2477334205587838,0
-0.3515717139086989,-0.1825683269386385,0.5849519458492292,-0.6449630904978552,0.6314427695832651,0.04877461444352623,0.45121238807563285,-0.8812218465794837,-0.2411254859789889,0.11023066925219568,0.08164679420073728,-0.039555787567004244,2.092299244966585,0.5742944972872498,0.7274510013964428,0.24689639488388865,0.5332617122988753,0.19860518769481922,1.8177747045647978,-0.060079667633946635,0.8313425315438925,2.085313982442143,0.6530498786361951,-0.2845001112758164,-0.7340225308540349,-0.49555833448031295,0.3917097743643627,1.7842542596868662,0.6036246571787208,-0.3865519600087803,0
-0.3049251872038436,-0.14944559698017962,-1.3406297433156082,-0.45772380756066366,-0.5015540018783111,2.778112234075818,0.926874385329408,-1.0730867267625492,-1.569205807384922,-1.3060125593500775,1.4136278046520634,-1.3490398518727058,1.609735763045417,0.2397334331630582,-0.24597903163288515,-1.1446268579327405,1.2638403668393805,0.5462172465608316,0.9001033339249338,-0.2725198642050003,0.6666462717838615,1.4816188118929945,0.5952702468917276,-1.055705416243956,0.5199264394387842,0.7547950948848342,1.6768595421940247,0.5849859917152077,1.1015157951094687,0.6162953416615221,1
-1.3549705128849732,0.8293846034181037,0.11996944746143172,1.9969658704270394,-1.4392718575621868,-1.1321462161535742,0.7253975521805532,1.5116099690971507,-0.12026524588966402,-0.11498624815173852,0.2071485896867012,-0.4841440030278895,0.9875374229237559,-0.4826150587218517,0.7003333368133133,-1.3232582797067411,1.7185336874301296,-2.1203645354947875,-1.0632553669951794,2.2534422571762667,0.1010206288975575,-0.6598036165476365,-1.277105170055726,-0.4360640767049622,0.28976422431969473,0.48669996464309495,0.32226393546425386,-1.7862438621752685,0.1389318585575643,0.3389807005794179,0
0.3486321656620089,0.02946345616027265,-1.2289796189854196,-0.9215381448875093,1.2130957217055682,-0.7756914270520701,-0.7220258319819469,-0.29625964493350515,-1.216631865016811,0.6338061399760817,-1.2684568521642494,1.0840056007540266,-1.344797105685002,-0.2795803963977025,0.34377907170700905,0.7905679764198066,-0.2250071601509224,-0.7027333724562629,1.4190448222440435,0.18146757613045844,-0.17065233368415098,-1.8186405660235503,0.19157084116900192,-0.004983470416331116,-1.3558814970396202,-0.7811280191012886,0.09335474835123816,0.4673957300983491,-1.0183984865822353,-1.0088357475129686,1
0.11565426055817887,-0.8412178832909485,-0.20068614636865026,1.7753183931807686,-0.042659841334988395,1.0227499487463438,-1.2455022675749647,-0.7678485945823373,-0.7890599234630281,-1.103936605632928,-1.7684137368060968,0.19306698503406222,0.3868872257768285,-0.9456776194927633,-0.7451617942481233,0.07796923742816367,0.02080800117673166,1.033089724845947,1.133707920701674,-0.6683129401130791,-0.06764824955131436,-1.0008237609911548,1.502240233838281,0.26630803649549495,0.9937641442443731,-0.36326569672493747,1.0207585435681208,0.7443550419732604,1.278902564021521,-1.343812658408537,1
0.07479949543023832,1.0975407044257737,-0.9356695047309563,0.521879721659021,0.5713326434783778,0.7010475267910172,0.33373774208615353,0.6176033007254264,0.4327470269642888,1.1849127236701156,-0.7176995391915258,0.34041297177637103,1.2187928262028471,-0.7837228621570994,-0.6911108938284366,0.5243670884399545,1.3820930001770975,-0.1342571150066567,0.09553527062293185,0.3638509288465177,-0.4867729426760094,2.1937369243809304,-0.9246283681292737,0.09004525940442218,0.10611737444511775,-2.1883701029349987,-0.8423179584794002,-1.3521869135206535,0.7202756645057525,-1.6932022350503437,1
0.9418792415771491,-1.1797685373312456,0.9615193881862141,-1.396455461700319,0.4240358379621987,0.9351398991450147,0.5731107653453369,-1.2211187222593454,1.1297711339676269,0.5457860632874985,-2.357852543482588,0.11069358914989251,2.833711166151944,1.1164816113754994,-0.49901107674556305,0.5440329759486162,-0.39283973504141334,1.014573031929632,-0.8142030818108431,1.2085736802423148,0.920401740432005,0.6426194115766063,2.070823267701674,1.0058447008807818,1.021584188563853,1.1264017731524238,0.7137507609661877,0.46419636625856486,-0.6772682112275406,-0.6635340075305205,0
0.43205049680361146,0.6092033360370567,0.017824526205125066,-0.48157935133752017,-0.13610775655184396,-0.05283443421403569,0.27505973734894196,-0.22215167013173076,1.1657086426030185,-0.11069434902248307,-0.6433179514173564,-0.08079708893200667,-1.1013877956978588,2.01332280081027,0.6555153761435549,-0.012624678415391614,1.4164576392007928,-0.20504494851610067,-0.03346217336435487,-0.7041510558524422,-0.9405481087607624,0.21082527778728147,1.064018025285917,-0.878267486100598,-0.23927272597650545,-0.20356020927691798,0.7715484452965218,-0.4314350980867792,0.7531243834611837,0.715419191794998,1
-0.661963725200632,-0.29303945898551986,0.08048056628291371,-0.43699995997746105,-0.8948507903969305,1.4824101854890905,-1.7826459030128854,0.23281091942549417,1.3645331593195258,-0.8057054920501321,0.026350951863714375,0.9027857373596307,-3.042467553637974,-0.0503917587405322,-1.5722887926849431,0.9633410240510308,-0.792430699687571,1.7844503994186123,-0.9549327589614433,0.44965063100014063,-0.8763855544860902,-0.23729754583513177,-0.004262648565602458,0.025796344954372403,1.6548511593130182,1.427338599336293,-0.7493801106342605,0.042849328383127376,-1.1637125361669753,-1.391340384282803,1
-0.6669103209182285,1.683331448292194,-1.6875930864184887,0.5763045242079313,0.46033489240420744,-0.7432104714689564,0.6449857548455294,0.6404291616742218,-0.037471174993943666,-0.15038985608533745,-0.24551538224908595,-0.8439293555622702,0.16539117129502817,-0.5051125189469224,0.16152459347909964,-0.6100581842958009,-0.6572779861769038,-0.5447386802352424,1.2690147068682198,-1.3773888809663357,1.7725835759326798,0.7680815405998129,-1.5630301118794532,-0.5782978825034645,-1.6226002401956383,0.6468549868217671,1.2766451365177924,0.22919256506057262,1.2190531821958719,0.18367308670637783,0
0.9709790290578757,0.29197612884749213,0.014043455811140906,0.773664950839057,-0.15632102922518937,1.456941833245503,-0.3154583481250224,0.5671612001932486,-0.7066662737958045,-1.573199011672436,0.35795386045548033,-1.8039858124590937,2.1491645737716274,-0.3541621077485783,-0.07776856875669642,-0.31003423815731684,0.14077357242723249,0.34018546642474723,-0.8398782451826826,-2.5541133030763277,-1.1007773096002762,-0.4852501733859363,0.28022271725794484,0.1835560429644453,0.7532253804366952,-1.6429203208385659,-0.8927571674036223,-0.44095476924347055,1.5241138756439931,2.720512727475527,0
-1.3484491436687112,1.0916232437964881,0.08689249541529379,0.5561827879449776,-1.3243959728198047,1.355052268952324,-2.221095375876819,-1.3147010906771526,-0.2697841667850785,-0.5932381086984765,0.02582689213317239,-0.6847032981691271,-0.3566403460195933,-0.1844027966380868,-0.22334226012760458,0.14858234483354402,0.896084163134189,-0.7535712883068809,1.3476956450013484,0.049178863420118527,1.2610424642671183,-0.3425077996070887,-0.8662391553334868,0.08023103652325862,2.5639019691033296,-1.3651593646891256,0.6773244628556002,0.17745308374529845,0.4040028418057051,-1.2057549016429085,1
0.45713399637915214,0.2954392775618186,-1.4835617550359617,0.13124705966054212,-0.24296463948774108,-0.35384605592181895,-0.04563242953276263,1.087673202944817,0.45814348682490913,-1.0433938175339883,0.4971076744967649,-0.04430917673972046,-0.6162459508866596,-1.2396880004536095,0.8069941889170454,-0.5704901871778215,0.9080725408030792,-1.0765307802923787,1.9947722161253683,2.6337298269289517,0.5422882312979715,1.2964283232711509,-0.45339915150502447,-0.5522972296537176,1.1940630078999441,0.15140296924546773,-1.372029174633231,0.0772873865394077,-1.221872523941186,-0.18515641313881548,1
1.0488256027510985,1.4594140382531269,0.27627528232084536,1.3380321910462238,-0.4599412090423493,1.700692809745642,-0.7229478500529275,-0.8091993356952668,-0.46089352457890836,-0.7474426691355701,0.5174200051971249,1.2522594830439968,0.015508358052324707,0.3112999589409501,-1.3824353240576783,0.09626281456367937,1.7707388885990774,1.4126923300075624,-1.0947759652785054,-0.4381444032628878,3.4065340844342193,0.4181004310788184,1.5153069550182012,1.5937736921931849,-1.1157366805744107,0.7238786200440751,0.18728756813090708,1.7416686630846845,1.9621539877401522,-0.8317725950137419,1
3.4415195958390465,0.169030851467291,0.6322961387242713,-2.6522463663032263,1.0083092123831872,-2.154147212374176,-0.143926905056081,-0.5528881057796559,0.46612397601544425,0.17932594781141353,0.5869398600198364,1.2459324969011496,-1.0039664878854229,-0.2044058424486472,-0.8454357658965468,-0.9207072167225205,1.9326896702074725,-1.2689230874555066,-0.8220930673118817,2.194261545352664,-0.12683587005212502,-0.0644484661799828,0.40052222316844505,-1.2049353028146534,-0.9220696027435595,-0.6166178353034864,1.0422216935737008,0.6715665617752045,-0.6302463765168019,-0.1335101102351552,1
0.7794385927167207,-2.384855482644254,0.30224826454782067,0.7579528185276485,-0.9184337201853249,0.6501256374177689,0.015000858381036142,1.8106971973144455,-0.5230627508070312,0.5908931635003872,-1.4699729309025147,0.07520001066088991,0.8152965328630832,-0.5254046670391063,1.1195945328591173,0.9201947294549305,0.14382246792224646,-0.2712666478303767,-3.08397720646959,-0.6486241151895646,1.100807763780657,-0.2734006698108899,0.4518827619907683,-0.46399766416197896,-1.4268689126897018,0.7478717539066047,-1.2283243592770172,-0.26225372895013527,0.36435916829317855,-0.6782485959524979,1
1.5703634595693083,1.9723074690454059,-0.8095570674470163,-0.7703009273419866,-0.43850114009516766,1.1530483531629159,0.4859336437055261,0.7509922013674869,1.3153258459718762,-0.9055592658505666,0.5027399782298879,0.05131640038586475,0.4300954798183661,1.1491432647033153,-0.15170594461937534,-0.6967481666504444,-1.0511014612045637,1.7541848268487505,-0.04202385395940347,-1.367849593050217,1.382991308429644,-1.7099317240645835,-1.5499164290417704,-0.31598916637859,-0.5468400427321388,0.31193244682704624,-1.9263653248509727,0.3260735275095939,1.278408358643335,-0.981913357428135,0
-0.3783655452626013,-0.8015523709599974,0.3203827603963476,-1.075463894423159,-1.200796218421231,-0.15110624297346256,0.3370317759758207,0.1504886143301048,-0.43959616061820234,0.6683294172786062,0.2303652204305004,-1.1691953010757674,-2.6758595853956053,0.5216259642802011,-0.2565762788434741,-1.109948335788272,1.6253629210014204,1.6148705732473232,1.273559787435586,0.22618711793996268,-3.1643584302780075,1.1752667605753964,-0.9205540061855372,-0.5591586761226561,0.8992192208701015,2.0318139599203966,1.5410798429675852,0.17265958420563945,0.7389538336345409,-1.1057247738228395,0
-1.6225928109454466,1.0799730295236094,0.32258910586999057,-1.4483164211839283,-0.047998069001572455,0.6169481398458102,0.9067848785034407,0.6281706423015011,-0.36318103711596084,-0.8483320410719678,0.117120534211261,0.8021408790238664,0.9052482581803379,1.580324990763626,0.03500430508453276,-1.1102818655917894,1.0864982800975829,0.08297316923325669,-1.2826995564125911,0.6237184293532712,1.4118740539045733,0.38302716144931764,1.4240751908250688,-0.48451616312733725,-0.7275401713849675,0.8545234284595985,-0.35275302802450725,1.205203749371805,0.1707661447529757,1.2187087798159857,1
0.6312697607722269,-0.9000547020680746,-1.991518585478721,0.7819383154614679,0.5651504325486443,-1.0179648218018298,0.7985780846756689,1.390610669288292,-0.7073176004911789,-1.9335295981516492,0.9706208381956369,1.2724218711076898,-0.7338853128312016,0.7740042007472009,0.33161673209695247,-0.1095336823343556,0.5805644254121325,-0.5020600987392371,-1.1013408174268842,0.4058400621362179,0.2681246132602788,-2.5468656612094707,-1.181151814991702,-0.6722015572167221,0.524923056666332,-1.5225993180955313,-0.31962497983898536,1.9376678088487567,0.06679496832211086,0.1290903993077022,1
-0.06100633493424857,0.9820542452126798,0.04173488603181623,-0.21989995930547135,0.15219169912194586,1.3257522135009334,0.4020602770053935,0.05747786754619838,1.1775958007597125,-0.5221748753932662,-3.202058237736091,0.44773931576893244,0.4360819907887765,-0.6222243116646141,-0.26895856826016046,1.2579512580818333,0.45393572915147085,1.474664593084908,0.2685587319903908,-0.15366655586519626,0.7077961775934641,0.368124004430079,0.438761565786698,-0.23029175787595632,-0.5719760464817574,-0.5343500049212504,0.5199352582871549,0.6494859157138806,-2.6286353729327683,-0.7327901165699896,1
-1.5905603587022419,-0.49830416066128025,-0.6032929749780984,0.14812438997348412,0.18592339399966948,2.130378541037073,0.3728722838280498,0.6385268992703764,-1.4219016350312765,-0.334793338821229,-1.0833158615790273,0.598556790786639,0.05213834627082365,-0.34155246147904,0.9564439341734563,-0.2692906882882333,1.3339652711734789,1.320647892296274,-0.635652168870509,1.1134899201608028,0.1126876535461715,-0.39404968423974374,0.3948155796948506,-1.587052636022018,-0.5379105913686306,0.4177878133152305,-0.2943245335324761,1.0781359301508622,-0.3980675349065315,0.12147358640559214,0
-0.1203046299923417,-1.52794192424022,0.392380017520507,0.31716083712311366,-1.9327163304218837,-2.469766321507475,-0.4534952486193608,1.230596070035717,2.71833860775382,-1.8208662631992647,1.6256007788288553,1.1615325318898673,-0.5833468897806596,1.8831857936349208,0.46654000194862333,-0.22746934461255136,-1.7804479028746063,0.10208424463121282,0.041407663047164624,2.2388039561944466,-0.9458609267312653,-0.8860935707947882,-0.5106676706991877,2.6562009243260283,-1.1504989642842403,1.3081068756110472,-1.557788856310931,0.4316517379626846,0.09821393863980449,-0.6997318419762775,1
0.7178470303641592,-0.8004317320464487,-1.6151673458368403,-0.31162212676187273,-0.9173078548388174,0.2592381450343227,-0.2861056435814809,1.5640244919671724,-0.3191841371993036,0.27574060290505364,-1.1621861333406227,-0.4266262568297303,-0.9116309712748436,1.1847826441213154,-0.7575715165200915,-0.6504007573962328,0.29883355561544306,-0.7137081025113735,1.4096526117865362,1.9577388619392202,-0.8974389143292668,0.8456300948867707,-0.8449991194757425,-0.35657400710714193,0.6901731677217304,0.1398357761722636,0.16634309325514188,1.0983050159899022,1.0913628789778735,0.05110874644359347,1
-0.6344557291612811,0.0009223064425322128,-1.0087571191621445,0.7860451996787134,-0.18824973058587227,-1.1055501693376546,1.340957111863744,-0.01395599809697324,-0.7480243635123778,1.1429703549221097,1.2574973587078866,-1.8869782747967678,1.107372199563882,0.1577527789052435,0.9714097688205218,-0.06795073634100188,0.3792359947077991,-0.30424265710992027,0.9922809745056341,-0.6713624328994697,1.026203033638885,0.17866759820576525,0.7567158967793747,-1.009258380635307,0.42278003309382484,0.5332065920491125,1.8543163537409777,0.6977434766193931,-0.588136231043297,-0.6295111574544959,0
0.7611113531690159,-0.5399708212215032,-0.5194703063072353,-0.8591480062136386,0.13310477478463345,0.2192556586085224,-0.32615590688990237,1.6950011993616763,0.571089365690926,1.7582588875844802,0.13086474050205138,-0.7328237361718964,-0.9945799886296917,-0.1230293228816243,0.7532614175803677,-0.2971376276037336,0.8568981498839628,1.4033202290086069,-0.806683399050929,-1.0994977775577228,0.9481682807061942,0.2689775540419493,0.3254641230404933,0.6973629454761451,-1.5259392227818687,0.4412488310736793,0.18047119006712284,0.46189619899645196,-0.9547809222916125,0.08065851545658499,1
-0.48363639036074874,1.0437158880601585,-0.08676546759914998,-0.6000492805108597,-0.9908396116230256,0.8728488704008429,0.9811967382993021,1.9234050146813215,-0.3220622118450619,-1.0129486520223046,-0.1259461305453369,-0.697751505839513,-0.6291105195173696,0.47442210062842194,1.0920475962950351,0.4131901450802273,0.11322410249304915,0.8205231741168925,-0.2274753303706493,1.449921987213716,2.9990986597986047,-0.6296224400490923,1.2092394988695063,1.2108026442770279,0.5271500967945097,1.2864022097396233,0.3548083693026381,0.6488451297496254,0.08195574831998477,0.14037529776580368,1
0.636106480460837,0.4213167596117888,-1.046979345734311,0.5091056930839862,-0.24554640621003299,-0.555999741664126,0.9699347319371147,-0.9338707761703049,-0.2711117992996148,-1.0660572008616107,-0.40214246996955816,2.39284733359862,-0.7648332854244265,-0.15132506690273562,1.3920266930144667,0.43851076099946834,-0.13856560553099725,-0.6929036511271532,0.6735641336979084,-0.3238998809511218,2.1746857455232766,-0.2825934015877861,1.6899956599897468,0.877590772268304,0.869001644199276,-0.1582234684806247,-0.45942611146294654,-0.25992224183410423,1.045451835193451,0.5241556019076297,1
-1.8659645716564262,-1.2885175980289871,-0.13517626430978888,0.5362521753562414,-0.22919516058303596,-0.5027349945485095,-0.9841886945758842,0.9130133651785702,0.09951624808736753,1.680457265097903,-1.299707330242743,0.6912222150102945,0.5476763398635027,0.8471436955146044,0.8266668151575184,-0.5070411108249059,-0.1806457157133054,0.16641102650614367,-1.0028240154236165,1.031642818830994,-2.4745048332007284,-1.1622624056701893,-1.6780981479342714,1.0997604866380437,0.21560935521811783,-0.5329299384862407,0.09631201408667855,0.26424681826955315,-1.2396158793511158,0.14595276058233117,1
1.3887899938450847,1.564952739454782,0.8533087006089998,0.258296450749629,0.924548671633127,0.7057110974950922,-1.1239548166984743,-0.9136577304054969,0.6346553735723074,-0.6685076177322112,-1.0252316897633107,1.2893694409174525,0.06272776533375904,-0.06494011382405257,-1.2029396944589241,-0.44869058057156996,-0.3434279061549493,-0.9051192368962373,-1.2154654274586498,1.7479085544730082,1.4094018703802953,-0.1049734757684054,-1.3276061326208175,-1.7253866997164478,-0.45156873809187037,-2.2535100710429865,-0.45279293073327725,-2.0214136483810288,-0.0942637768132394,0.1964128779985767,1
-0.18684585030480527,2.1717614668672183,-0.206296190960551,1.7302794380064928,0.29625296263698225,2.0127498440812532,-1.7556088653947617,-1.082486516542758,-0.2869729545963938,1.603149288229931,-0.23905624734380293,-0.680183308351654,0.606698453345196,0.9059114272365753,-0.7671269178361599,-0.6886397090039145,1.6949343191782191,1.2488188869126415,1.5164115019825555,0.9406683154550164,-0.8535967722909094,-0.03296671866444996,-1.0614573321740248,0.9758259098385241,-0.5434857163387999,-1.7116988689012327,0.11367429356800916,1.1252142181507505,-1.3770809275199376,-0.12503428067120376,1
-0.5545298617980096,0.9910968620016881,-2.0470790426327437,1.1349816677779403,-0.7050966266325779,-0.1599904767644367,0.8586035684961204,1.4788971752285116,0.05132340151605361,-0.7249977130206504,-0.5315001923537165,1.166091973439307,-0.8841946821391231,0.3288781835806547,0.007438521800432028,0.7592653484804832,0.03413947518217627,-0.4338820708871323,-0.5040909860199335,-0.522794558460867,-1.379464650610585,0.5060479825124159,0.2099586803724008,-1.4661228999470806,-0.4056251838911739,-0.27550136400309544,-0.5854163962991455,-0.11988330080343336,-0.10693380031537736,0.8943546675745548,1
-0.00467976856660917,0.5936334184252721,-1.3908754285128557,-1.0615419553051413,-1.3737844414019302,-0.39573331120397714,0.055596891176100734,1.6677133474232058,-0.8296666719646087,0.8493103065034997,-0.832293191982318,0.02389595244799358,-0.15229239992663657,-0.9238205548380338,-0.845592222856382,1.5974927795940093,-0.5332080699367504,0.9986391524885755,0.6786759498369432,-0.6110635627655299,-0.003390036344288278,0.1207043906891993,0.48695433802554905,-0.40504492801531944,-1.5067952697097424,-0.7004420777386903,1.1655645218948458,-0.03139453432794288,-0.4207934598563559,-1.47509807694161,0
1.237075403650796,-0.20727817285570552,1.0874969822400538,0.6824037102247325,0.7952556080214953,1.659451069841591,0.120905623716948,-0.1334852094037501,1.5638864918959297,0.8339731556153492,-0.7048123575691723,1.0433609773489634,1.5149901319396302,-2.2999879880519263,-1.2444967106868696,-0.8100900498248801,0.7230623177612897,0.788892466301097,0.519538556691369,0.8763950612957967,-1.108196913704634,-1.2060459952496445,1.2531414608045663,0.1037857842906798,1.2086730536129813,-0.6985861793642506,-1.056122689464665,-1.270865151790945,0.8010095767527313,1.1320011296004515,0
0.5417705793908478,-0.48337313826496325,0.6371383043631927,0.6097012871950273,-2.0252355077680098,-0.3504068232711103,0.2794447251535653,1.1080534404184434,-0.08513192488353032,0.14904197729299026,-0.067367002737562,0.26528415563257113,-1.368790143285367,-0.6054514993752855,-2.231445870694846,-0.441954415311918,0.49567242021569363,-0.7920233380722868,-0.25152681644922537,0.3907036829428103,2.7225320592100886,-0.08162105474192602,0.7192081092382101,-0.18684251302255472,0.35596758008439033,-0.028375202157023733,-0.4220085347057662,-0.20251816920174187,1.2471115907907768,0.28914618757591604,0
-1.1969785858454767,-0.4242381129030121,-0.8919029872958373,0.9274253693043712,-0.7593973732480028,0.8618284696472864,0.9765813083414054,0.14431241142479675,0.5444287417125622,-0.5014584648074447,0.8491524781745611,-1.2397605116972157,-0.46268399596697,-0.3076558004772939,0.9864928323649566,1.705246784980668,-0.4549530843028179,-0.096737879573814,-1.18116713033039,-0.08311943332738077,1.1014976259164202,-1.7957689995044477,0.01848688961258406,0.71802383657406,0.0570426251873775,-0.18935244003147517,0.8764913044060068,-0.8087496629126667,-0.7794352510071865,-1.8462320355878854,1
0.3253444155648506,0.22115248577746552,-0.5734645366676241,-0.8936551969109853,-0.047418846172725966,0.0961318984694618,-1.197539166183903,-1.9459885067953384,-1.7253802944794092,-1.4535622713223357,-1.2055832048816715,-0.08400858613620953,0.08488853583555402,-0.16797961680293633,0.35873666170053664,0.40080215242754247,0.32993555432677435,0.08911599530475442,-1.0563792169395083,-1.335055986687054,-0.5620633154672305,1.1354159062128495,2.344211685077931,0.5572207439305062,0.35792397350537036,1.066970993626969,1.513096634398344,-0.9222181277986581,2.9030337431824154,1.587914131414996,0
-1.36648396607864,-0.9984832072404619,2.8169074865991863,1.0368293298160725,-0.5971801703772787,0.07919369875992767,0.7541027534012791,0.8887119663020792,1.3682644904426058,0.2422429573419922,0.2804464232028234,-0.36381716178242746,-0.9289588364620854,-0.9750892713558194,-0.14377166222723375,0.3441953333681468,-1.4552812243582005,2.046322271127345,-0.695642200316269,-0.8572540337484265,-0.0282648909747773,-2.3699446688831816,0.36171923327052186,-0.9902422329314162,-1.922014263815529,0.14345118615068214,0.14217102580857227,1.9452576690635042,0.1796268476145219,0.1721875663354803,0
0.041304499702930986,-2.5784170293672224,0.07682420375581654,-0.04845530790309428,-0.14473787581536451,-0.833825239431887,0.5650484320906322,-0.9766314411940613,0.7053970804427632,0.3881759769922599,1.4023687787676302,-0.4640204353242587,1.3371904694376504,0.21231136424989763,-0.07521071003760357,-0.8531310123698017,0.3955904972862204,-0.4760885067817308,-0.02787629992313158,0.7774171153259455,-0.030731828587761228,0.31723246488506934,1.5136426888698344,0.5628235658364533,-0.6791475871445661,-0.40548243029931325,0.14071113851206188,2.1215608270511805,-1.3346930554167153,0.19015265528060776,1
1.3644380342543627,0.6146234246188984,-0.132143774792363,-1.7196297584041484,1.5114430907018583,-0.47320782725732813,-0.9529849871415007,0.2509210587395649,1.4271418116188967,0.40487917255071143,-0.3646106629672543,0.2480008728003506,0.11845988405214157,-0.46811663515362956,0.0672579613830023,-0.8242852695514713,-0.9889892213274111,0.5525454380835366,-0.394452931131325,-0.02568341970989379,-0.7718792949038494,-0.5669671050203139,-0.48345591913103075,-0.5872845179950738,-0.40985883737588646,0.19743644743721064,1.389943817212041,0.7609091381385982,-0.33457202914217266,-0.6325765456392042,1
-1.7790074578687705,-0.673144803585485,-1.0984025110074591,0.05451657411225824,1.6685746736186216,-0.3951888321604001,-1.4527287690484536,-0.195995317650641,-0.44081879308727906,1.2610920119518867,-1.8847988127949455,-0.9916367784042841,0.7609953838057399,-1.56955860677118,0.5737882214921847,-0.6653519234055195,1.0262636381301766,-0.048961819100749614,-0.15966681635091828,0.5988044776822886,0.019057764133341315,-1.2361192192222614,-0.5208410862681718,-1.6271496049665135,-0.8643363786301577,-2.138808384685224,2.3382156024688405,-0.02632019986493434,0.5330595005817637,-0.8352431232813782,1
0.5256508126884522,0.7737898312394914,0.9362331395012611,-0.08262570748474275,1.0154343950828968,-0.6076529983482291,0.3741502025834262,0.04827073894579429,-1.1751514571675112,-1.8298167761873814,-0.2989821426405468,-0.295322282672651,-0.2696345742751811,1.0499847119152201,1.3761927827358384,0.6572143564071202,0.5872446965346828,-0.07991981322188256,0.17658345221780083,0.42957445021290036,0.14006048188330056,0.5925489685538793,0.04579798406044959,-0.49522453878147715,0.261475075317866,-0.23600344908135143,1.4523122037960494,-0.4273896249572325,2.8597092999388356,1.6396771385056865,0
-1.1326046631884885,1.251660824134428,-0.12548278166778432,0.5655454166561258,1.5766835945730664,-0.7750128464981709,-0.46339327048808554,0.753424597384261,-0.36676954330587974,-2.2248477053592635,0.9636983991798005,0.369406345678771,-0.023334496917806622,0.12513891466662708,2.2383128090351625,1.0126635001818927,-0.8609646961282036,0.12306859442885831,1.185966308270314,1.1648882142114945,-1.5024502046181232,-0.5012804876013561,-1.133946544152974,0.6396648388245697,-0.9071086215766274,1.5546731089558987,1.2953093548810406,-0.24680948078494866,-1.2648111710809253,-0.7889869107835025,0
0.4510721130005891,0.8521868824818938,-0.03845395118857307,-2.568027261610313,0.6800451756023057,-2.020414561118416,-2.1191160549150005,0.9982828050093976,-1.1859733005553703,0.2506090910711042,0.09194409111150674,-0.8053198617406452,0.20612661609252872,-0.5503352522456452,0.04756393892184518,-0.38619850403294625,-0.5014559307631958,-0.6596431969334198,-0.898450065902869,0.8525103589019525,-0.45291396819556246,-1.1315831732922275,-0.40897944380495177,-0.527825975184244,-0.39407285264851283,0.713425702793944,-0.6277718185210179,-0.379558442917095,0.6431484288148367,0.4439305875277067,1
-0.6870874366648421,0.9660285445021178,0.9094168765797676,0.8391679744082551,0.30256333214853404,-0.1736576996208855,-1.074180599864542,-1.3836000056372526,-0.08479202877884832,0.014202103302422409,-0.2611924787000238,-0.11100114683362397,1.3636133517966376,1.6273651050648572,-1.1059460363501075,0.28851444281385114,0.05196886577426477,0.6749648226341309,1.7335439032329225,2.1879999677761925,0.7196202267990038,0.0400707888274259,-0.3625640440933186,2.486779357320106,-0.767415300097441,0.8227092676255054,-0.26420276360992107,-1.338630381002864,1.7155143629994354,-1.7422580441776674,1
-2.1487645886708573,0.7001156255483099,-0.3043213190194295,0.43159427905943526,-0.007135520108683059,0.6006153287321276,-0.2956962535281749,0.9022363337252326,0.9310453439013762,1.5489122974394796,1.2640292233479264,-0.10644875767274875,0.6961601434448729,0.417365241052115,0.4210945751289227,-1.3237683772005655,0.7532194541999615,0.6087392638219449,1.8202840005182954,1.1655828882459847,0.14957324812537895,-0.10175142025453361,-1.004075956831471,1.8177137175815223,-1.0654161133818225,-1.8689922949300959,0.8998798331271721,0.08695862626318614,0.26441203478981207,0.1865691702171195,1
-1.0580456122468946,0.3688524125342313,-0.3227844658174494,-0.46277121042719055,1.4230340435565796,0.7910913649177796,-2.3009232935640624,0.21630767437107484,1.0660556948787945,-1.2459515154843457,-0.8636678619917333,1.0002652358729942,-0.45398664984721093,-1.9782207571124935,1.1997418923482772,-0.17430602744687193,0.37370232078091975,-0.049282170609963774,1.1209770476976293,-1.0989774686910465,0.6641164196406716,1.3187008191625353,-1.3493697868845917,-0.739542520865733,1.6446355748585122,1.0811629037292552,-0.8193162913861003,-1.214500667347192,0.28268269361127546,0.32961290721329134,0
-0.05914276410462263,2.3333458047970512,0.6467510472157498,-0.840444067013725,1.0576501959042521,0.058177499474548845,-0.676715799689754,0.9010385370750538,1.4755913875732611,0.21584933037049822,-0.9772654646925595,0.11311586491773522,-0.956176364905333,0.2265038352625116,0.7544801274483967,-1.9766218951240913,0.7155191781476025,-0.37376129132912966,-0.5622783484185986,-1.3273337033634434,-1.0735019534556542,1.7646488241216394,0.8493461281216905,1.2946942876336613,-0.8573311831802215,1.7986574612319572,-0.06660101593722345,-0.7888263285192493,-1.0780451652366494,-1.0483543273830165,0
-0.7466430182350788,-0.8938757017390855,0.9042860206291848,2.601161759983059,-0.24702190817805614,-0.2276920813760415,-1.8578477406088167,-0.9252617310970132,-1.6208612394704405,0.8134467916833171,1.93341986427469,-1.0810393659888549,-0.2030547762861084,-0.2484659429913832,0.6833924754983388,0.10531041774855714,2.114453111848096,-0.7491637760688644,0.8995550908079747,-0.5952268961620375,-1.6018712653972813,1.4266216296593108,1.8734368350806219,0.4099886978780553,-0.6301065003858436,-1.1385173823653942,0.5606047918825807,-2.1267894171284687,0.8717357413892901,-0.41788412615687476,1
-0.439388882986169,-1.0730960818912316,-1.4372256569629949,-0.05814447021717408,0.19551215011988585,-0.0917277508309553,1.0947419753931815,0.05990101900796597,0.7155774742701559,-1.468693025585305,-0.4418958841563773,1.4835103334859037,0.9716988235028428,0.33363759040473084,-0.3785881135190968,-0.9362257531402611,-0.5296296870320089,0.6374829476049831,-1.9828147495489548,1.7950354768074441,1.2388332350148463,1.2159138455061285,0.6145964675666361,0.10795976995606595,0.3777914859659854,-0.3660511422423421,2.1177752722676995,-0.1384959962817611,-0.47566166142682265,-0.26547462676436306,0
-0.7232235714867135,0.8090392233039574,-0.5190505085097382,-0.12584870592838474,1.3363428322698159,1.0708208841419453,-1.023823678224113,1.1807594926058542,-1.416435044269189,-1.5011529793414702,-0.32659692969407383,0.29293114117350516,-0.22462296135551157,0.4389158541057731,-0.3766540352137939,-2.059323052297405,-0.19063922660934235,-1.5205930730893393,0.003145421672814364,-1.2528797196646608,0.517319487161196,1.3546755090843718,-1.7290317268608282,-2.0418791090985557,-0.3003879270136954,1.1293611649935278,0.1559942873944326,-0.42667356852216415,-1.0757768918494677,0.723483804517234,0
1.5373719286060554,-1.869376066553165,0.29380244653386556,2.5449001016256956,-0.6056265309469567,-0.19074687541103288,-0.03460174129037898,-0.40849405072083955,1.0970676787858493,1.801547921027767,-1.7045650615046803,-0.9343815213500802,1.2461790728864504,0.600314743026017,0.43671557177571285,0.6965451291541063,0.09612919640942785,0.4811843692444404,-0.32543716435717834,-0.22801170465951737,-0.09523608201971932,-0.4073536510491541,0.46881700403806775,0.2976289114709947,-1.8661660331670775,-0.20327895703048288,0.02071133373460483,1.5301440998439293,-0.2867213556078596,0.09644727207053663,1
-0.07676398370075845,1.322179032479,-1.1948372530322178,-0.7849345693051378,-0.8519014454902809,0.014011726941258192,-1.4938141331959862,1.4651544379638572,0.4155217068219789,0.5853926649934839,2.10230299861412,-0.34400824277946424,0.8559788351518094,0.582283581372255,1.5394034624100836,0.6912432831802507,-0.5091727585118677,0.4240036695723011,-0.6468006233245709,-0.4671141048702107,-0.013611212031492693,-0.1857748478878077,-0.8938925408020252,-2.269446769001422,0.2964485826225367,0.36763097517921206,0.3637081181803276,1.9059540100136374,-1.5361559844018404,1.5531650859580448,0
2.4920152818013257,1.7637809121974164,-0.3493436768857725,0.4530167087054082,-0.771219363076725,-0.6760141839589844,1.723311091348068,0.6990792191023978,0.7599597165015304,-1.122998546880348,-1.4732964580955499,1.054741066021547,0.4216732541514457,-0.29839285273016913,1.7364002989552008,0.593298252242056,-0.8500805406120308,-1.9380780199994552,0.5982417976226821,-0.46940078345566477,-0.13882329933714688,-0.22171917235495153,1.430858637718583,0.8427982602080434,-0.09625909768346438,-0.12318409144835508,0.28808051279888763,1.318052533239847,0.0829548099133515,-0.5746077637373833,1
-1.2048755627230354,-0.08563946293014314,-1.1982931239270316,0.34143586836781425,0.4530161998560875,1.1907565406805873,-0.20944628240852473,1.0323377349056633,1.6115545303106131,0.07372336557754205,2.2351882245060586,1.4369266526611766,-0.4794019973922808,2.9444197578488045,-0.0677054121042065,1.3995698782103072,0.6285164292702443,0.3033968550307903,1.3088375167715929,0.15084817332957925,-0.07641974218750414,-0.04620302381156503,-1.143834345051447,1.0666384355949237,-0.6597448617814273,0.21013617699183842,0.020148907823696258,0.6074098745785816,-0.013089811007923904,-0.26836839044846084,0
0.41466430367801793,0.3289447251343732,-1.0617457600914713,-0.10995597360023468,1.269964709150739,2.457273306203492,-1.7075415613409672,0.8277307499840828,0.10578309044659913,-0.5919778782180438,-0.4279852377068483,-0.9397462331108769,-1.3622521727048096,0.3852878001630358,1.7832641731767274,0.3526589803883439,0.17157173164762712,-0.6235737332415774,-0.93033103680467,0.021803216592593228,-1.0292884403525147,1.1230952036825073,-0.5775476372682368,-0.8434530786061503,2.2506774281310715,1.298860337191839,-1.1950454661507117,-0.882226654681697,-0.19489405820653086,-0.16089653848645627,0
-0.45878776141653105,1.3367390677308382,0.21051338217393156,-0.03691899326861173,-0.6080674871722611,-1.05161564203609,-0.6245293842242023,-0.875812383081646,-1.2593426633746845,1.0780436212465396,0.9301429641062546,-0.37462553284953565,1.317711299818321,0.5902765944351105,-1.0804632622727248,-1.457927136294056,0.30601320183298303,0.4760157609090203,-1.2927428088973962,-0.5256476340549816,0.853142302783588,1.5708837879747057,0.08440960743053504,0.05625847085861973,-0.45108008714832887,1.487228669278596,0.5558814702365927,-0.8410845402673431,0.7821153738736851,-0.7009333328921502,0
-0.9517855615516079,-0.44720670529015655,-0.860522352306408,-0.9047398253805281,-1.3991336456631085,-0.6986673641563504,-0.5330254530995694,-1.3513472212562474,0.5401495519486376,-1.7663862067824492,-0.38115233771236423,0.6612092577312443,1.1321583940473472,-0.5747512411910013,1.0133448692201756,-0.3674645624096362,2.255081899582057,-1.4598081644931113,-1.0069811951029688,0.16103751519866025,-1.2613566858068046,-0.7080451886143465,0.45290238523058485,0.19114807165457207,-0.0350651367143425,-0.024671086014756916,-2.461239319929721,0.148597350024962,-0.6360022231881299,-0.3697043119549466,0
-1.5901738749102143,0.6731870166522831,0.5518154843209285,-1.1648347802492085,0.1794045865540563,1.6464343525539906,0.14010829420589285,-2.014246807641406,-0.57047570813015,0.1269704729312537,2.1161173260297996,-1.2091522077109709,-0.14739598203065288,-1.0674049275649546,0.8792323462808153,-0.3663135592052389,-2.7315593559497953,-0.39325856689708893,-0.1120962969885922,0.38796497390418344,0.1816798271211581,0.657228579462276,-0.12351189387042497,0.0846333483777439,0.012208681981384674,-0.4151393404041847,0.5681669730654895,0.8467033214363184,-0.043716854927483825,-0.49167473963651115,0
-1.0825186202498471,0.35494368878493276,-1.0035187811320159,0.15944351256025555,0.13112615123380597,1.0670508572482178,1.3871955410100183,-3.0381151650450184,-0.2015033117516819,-2.1009242564642983,1.1615668752460693,-0.023187995738892683,1.1516654356460305,0.258160567111654,-1.3502990987322991,-0.9676551566247142,-0.13428523328877337,0.5695401453989526,0.05677869789729141,0.1775053042652231,-0.3574428464912648,1.1299703857405095,0.14606815735429546,0.04842269477646414,0.2954310815880962,-0.415002654904849,-0.3501979239735826,0.48131523006626625,0.7763108349343276,0.8808000153374702,1
-0.19524120002852924,0.12327906775222376,-0.6064938988713001,0.7866085222513483,-0.9448260746566688,0.22213820290346512,0.8789807476822865,0.12570927107705326,0.3000026746432387,-0.2727797849179111,-1.853913649096531,-0.6736038476185984,0.044355781029427124,-0.6890575675646331,0.4852106323921325,-1.4640233197101846,-1.9374925567529862,0.6950399388676989,-0.3116412609366905,0.3463796197954992,-0.521034053265244,0.5647406850381776,1.35741814658917,1.428363764798901,-0.6479613076975059,-0.4219208205321761,0.17014090830930145,1.870916658353203,-1.1528267309213664,-1.1457693853606132,1
0.8689458988684675,-0.6657670378417136,0.6591569511693851,-0.5850134021947422,0.3522821795487727,-0.5099790540448462,-1.0046860026342734,0.14630636481057382,-1.2125333079435001,0.4563028004495981,-0.23427658520990016,-1.361019196454556,0.2999355324504203,0.278874768210685,-2.352184902546819,-0.05090649328483405,0.009896279930995507,0.09267481709550486,-1.8187652004548052,0.35370499351293233,0.513026185744265,-0.9379901712440657,-1.3991415247305699,-0.9793952985287622,0.1287803682622855,-1.23781508275673,-1.3536123462814071,2.0994708308189596,-0.005310221388806231,-0.3111907271352113,0
-0.6704693079312364,-0.4231021294661737,1.8018610938697326,0.8162584512373008,2.38673076514256,0.3919398500962621,-0.9562468909801596,0.27116865014498154,0.5486213336558898,0.6139127741622035,-0.4421608323685696,1.80387592401608,-1.2695700422287755,0.3394510229401588,-0.29239499582337297,-0.7769502298244176,0.24710559857156203,1.2565777366367,0.40397907251087145,0.2730923958898297,-2.019621834995255,0.9212035790000619,-0.40605531869698663,0.5341757938959543,0.9201877787277654,0.1928795989732455,-2.00116500212703,1.4165234864391942,1.805211100610297,0.8131066317551693,0
-0.7264673500183705,1.229828160608563,-0.28206121366210596,-0.06697236362453181,1.1975220559066975,0.6474952804481352,-2.3529445366906256,0.20785411619816835,1.1853438486723644,-1.363588166329386,0.97748042785547,-1.66975759784376,-0.21479345677111866,0.5414314263062338,-0.25311513416038145,1.1776349208487207,-1.4146884717741337,0.8152336502418276,0.05290470609545161,-0.8525558555275216,0.4387566670453614,-0.07033387666654185,1.479558428344199,0.58340775209019,0.4126506314906706,-0.672954130577698,0.14656749737241365,-0.5751626163467582,-0.06229561789380988,1.245350808493996,0
-0.285752827525533,-1.4461577175983653,0.49452891289648393,0.7868470999075672,1.5889651299235585,0.8643733215003714,-0.271673731132656,0.2607948889407856,0.389312972648405,0.4341851723736976,-2.474083529540607,-0.5734815728371951,0.4770461424567533,1.0993745133495296,-0.6342683499881667,-0.41495035200031116,-0.23848555056987078,-0.1348915734039711,0.8544483060056669,-0.7384628343843171,0.8648032236717135,1.4187844708700117,-0.39367954189817916,-0.42988614325713487,0.15754247937949548,-0.5864872600912153,-0.08790367578806381,-1.4696585587445887,0.8557061497338591,1.6630217236953935,1
-0.6732128479139249,-1.6462254914452554,0.9208831088238625,-0.41849430304018237,-0.6678380656892989,-0.1219905596401648,-1.2208466806296923,0.4820037233651092,-1.264607519585105,-1.184372293593999,-1.197803102118359,0.16399810026371747,-1.813689592202498,2.088272442671328,-0.37552791412251896,-2.1162029910336964,-1.0607372801006882,0.5987848720882719,1.3483446442929807,0.16318843928284435,0.08563879456141596,-1.5301757613437137,1.488857494839642,0.5559294004659395,0.3210817573189235,0.016913754291683625,0.5310294055081586,-0.8000530770848547,0.9393403864270758,0.8033898688299635,1
-0.09814468692488175,-0.2720910356217602,-2.1584364555148063,-1.7322071834924426,0.5457664407259252,0.9047312019071703,1.0700502476160743,-1.347174984473951,2.293451466035032,1.0002910624159647,-0.5734519284987575,0.16332338797032675,-1.6973795518636028,-0.6169027536151962,0.5382627149313718,0.06268978896509907,1.7431435302532376,-1.4794464168562214,-0.11713260351564936,-1.1366157937126669,1.5350543702493848,0.26535676392182683,0.008443478055312016,-0.13313790488406338,-0.8770837746056687,1.1984469578472987,0.17060558612404977,0.24475192025166126,0.5823215072807468,-0.8617820069445727,0
1.995287227696595,1.5695124939095966,-0.0359586804068746,-0.3010869897434267,0.6396416863227824,1.1201886065749158,1.7502753159793467,0.644814196091442,0.1365674615159519,0.13713504873809976,-1.8806872181237877,-0.43029643556720143,0.36122171342397597,-2.2577307656442542,0.17993665520638288,-0.8120258979590063,1.5770189205381477,-0.28468132721892264,-0.2636287294860441,-0.13741380064570563,-0.004650336905446041,0.7928306088929169,-0.344301711789514,0.02343177518875238,0.7987927552420071,0.008530131329978837,0.6554308359820761,-0.44556573154199886,0.3510064384322902,1.3089916093372516,1
0.6024534707222923,-1.8710184280797801,0.555364934235495,-1.1539884381952783,-0.9249783262504464,0.4918796890218771,-0.9695640723346112,-1.1098055365045647,-0.003495206942355085,-0.6134205011029831,-1.6297584441880002,0.5553852485929104,0.9854200362042214,0.9047047319134898,-0.8983152429659348,0.4109010662511055,-0.4940783072439371,-1.2674969650905088,-0.7473278643490769,-2.8193370160793254,-1.0572990644110694,-1.466707173805888,0.20290759842916745,0.29149632855046337,-1.689724397359003,0.8279796510023786,-0.607761410670484,-1.069399275157049,-1.7903232919961112,-0.8008674932506356,0
-0.13922086766263697,0.9957972819303614,-0.10529355987466792,-0.31487040684507844,0.5804940452891827,0.14009340751284455,-1.505064490433269,-0.43672434001524435,-0.5750072783632154,-0.1499397458021697,-0.4753035997070899,-0.8064722444600375,1.4648770401276698,-0.04521232322606785,0.4768591536408997,-0.1173500861228898,0.8152164007966364,-0.09084702650015053,0.9723693940647823,-2.870269084803044,0.09968944858632516,0.26109237761885157,0.3046353903510916,-1.0838129970357413,-0.7226766755319199,-1.0433102959348084,0.48708759325752377,0.9042724062898024,-1.643872958796974,0.205173122778555,1
-0.8646129671601287,1.7475744113362388,0.562617076542331,-0.35194644924072105,-0.1349006336742124,1.2970565457015102,0.05719423939945968,-1.7886231583142311,1.5173251673375765,0.8128372269958548,-0.5373610720167389,0.6007141631615489,-0.6134807353293951,-0.640000516321171,-0.12114484952342766,0.600002677584285,0.47045540233621397,0.9383378726575418,0.47481636393328563,1.4533342258784028,1.724385550095757,0.3021588855601929,-0.3363953268094152,-0.17945441936345513,-1.925463843626419,0.02063915125229601,-0.6169339219620501,-0.7049300064217712,-0.03788040158708088,-2.0989445390521335,1
-0.17888060642512973,0.2040345124326576,-1.5355329759159826,1.354374310330094,0.44287415200678115,1.2906989657253998,0.4342092677327958,0.3608434252317105,1.5220931567491907,1.315455058440768,1.9416230590849484,-0.1240427891586688,-0.7946530659429573,-1.15770955968458,-0.9773793821773281,0.6783718801499536,2.726360809163667,1.5085945198791522,-0.17962321132852646,0.7663682370985808,-0.5533985426788398,-0.4911989827863006,-1.0344260546399389,-0.9678256029174003,0.5554023974913993,1.4826808465218235,1.0411007674922115,1.4576510737743842,0.7838041061970425,-0.03432385634628099,0
-0.5255288038170278,0.5768542401333245,-1.6796295141521695,-0.6045168456832977,-0.7876286005352241,1.2440838520366853,-1.377583506413085,0.9295960967679789,0.38741912014464197,0.39964134634156495,-0.4675308534943427,-1.4632367683742253,0.5002727136628633,0.8858812640045411,0.49715122526887223,-0.14403157879789696,-1.1379209511682271,-0.623071474805207,0.4502417421662737,-0.7900963911835542,-0.9619955297518218,-1.44660937816156,0.5352347388528516,0.5142021709975104,1.1541542838081162,-2.144090784019927,1.1718612728915372,1.113476259194063,1.2086509288637894,0.1196167673661235,0
0.22179085611941668,0.21711002303830104,-0.913003852442967,-0.8705162916211222,0.22574642251818744,-0.24910860516625039,0.7161085465517582,-0.35652308542863126,-1.4686929981127088,-1.4220038807096478,-0.7612683831794449,0.7261293251870428,-0.5192627677862882,0.2984725981808643,-1.6722753059784037,0.1620390444233049,0.037782583670640336,1.1902034408177655,0.15424377084882862,0.7628670791227816,1.9457429455466388,0.039900323249285115,1.5337988119504329,0.12396206757759803,-0.534269101429062,-0.10864950444034295,-0.5066754951320042,-0.47058003608065185,-0.5734795470493174,-0.3033510617633621,1
0.7107473155740306,-1.7012698274571973,0.2871321555133896,0.12022647865154974,1.3844150771140138,-0.36567013756470196,1.131701573457227,-0.8598992802766916,-0.45499645184810306,0.416656506250258,0.6077682879072319,-0.26516506859156763,0.22284228225305552,-0.16434877686246582,0.7913795936149022,-0.14659211731175986,-0.2229434495685599,0.9912762767559884,0.21025546581968735,0.6683274435271277,2.4985675137655434,-1.9851979782152676,-1.027465342752249,-0.9277821962428936,-0.853569907016488,1.4231334690444906,-2.667135894991121,0.48166732550488994,-1.5327181337526574,0.0255724104060125,0
0.2593986838820195,0.906288748685325,-0.26552534245067705,-0.17310634729549296,-2.049507069613817,2.280142356611045,0.306427085888153,0.43878677020530193,1.0730356004505779,-0.06745126608156171,0.42385974087847106,0.7153471997514409,-1.474757023435102,0.5306316044066105,2.0751663664841846,1.7468335492741696,1.5320644102149348,1.91052935979353,-1.259593183630677,-0.5248743805727604,-0.9114313685542879,3.495113213548938,0.24392277036145557,-1.4142605555229513,-1.101667699437395,0.10710910181152301,-1.3629467012364949,1.868682723345007,0.7905188215776954,0.3130867445630366,0
-1.0536037715799655,-1.3210534766402338,0.34916685539899517,0.1374528302009308,-1.2833566099254186,-0.05385138063875207,-0.05127839357838387,0.7380657950561078,2.1063985987067397,-2.079524858632955,0.8011747958393582,-0.6964939078196576,0.4215418093288813,0.13070931258848292,0.5001341381112139,-1.2430966316450505,0.969621284091685,0.040857787623381256,1.3917329613500682,1.592446949927013,0.23683723568645218,0.9898882690646227,0.9033764507377967,1.3387074251492974,1.2663190555838075,-1.1639851799658285,0.278234615996763,-1.3883315400878748,-0.521908493546843,-0.48133749317300795,1
0.5851037076578388,-0.23016199635031268,-0.1596293205338661,0.9991505372330397,0.8794264511478886,0.2759619211529885,0.7491691717045372,0.6459411083357323,1.9648523558249287,-0.20878052777156858,-0.7519601404810854,0.20389622743262198,-0.9503724702961172,-0.3679494835789466,0.45012226375534853,-0.5073556657344572,-0.2280963641396613,-0.27296868595607593,-0.43328129056330383,-1.0964720256271636,1.0122339802715108,1.3700786381980612,0.9516134766004928,0.9427340834737619,-0.41569728846011156,0.1752189772834356,-0.7793733256095182,-0.1348033653392976,-0.0459174234257291,-1.3851217320118296,1
0.13214748330498355,-0.5308413317679246,0.26522908520470995,-0.23509319304966075,0.34641757371314613,0.6977905552351497,-1.2533780021446266,-0.3196111623369085,-0.647984153025272,1.17831897860221,1.6977839063878968,0.042421270799000654,0.404499604708799,-1.473980331559447,0.30309364394559635,-0.25876495968689117,1.3585538407559816,-0.22748673511534848,-0.8205956674043513,-1.342802827465062,0.18105706382130118,-0.543438737677595,1.217293210040221,0.6332428562976254,-0.10097021539731935,0.6272706330842215,1.7431997309913052,-1.1599094222900164,-0.6350888240616271,1.9416543698666084,0
-0.7544312364132609,0.6623274894131028,1.1870434497501778,-0.01577331588349443,0.6894505449451913,-0.29392758456335355,1.8166647675267888,-0.4418772874764014,-0.9545908659759296,0.8887174547644069,0.7099554410805113,0.14905648124570428,0.033049427215433844,-0.49599595765012966,-0.7346829024122917,-0.6057286666644445,0.31270349192965835,-0.20674152147229144,-1.4910271422970858,-0.4205075390307331,-0.21269348501850519,0.5097955425383973,0.292006620669345,1.7554280681870613,-0.9795150350841114,0.5530488360349309,0.6347988630027646,0.2792582203138833,-0.29711472518115484,-0.6835612768824871,0
-0.04079294285324579,-1.7879177353240048,-0.9239091629420761,-0.97483018119994,0.5037035172954301,0.6253844538536985,-1.072277904731023,-1.3076028825069914,-1.4631613363889897,0.9777646506222277,0.9150616055107388,0.6494983990015071,1.5032874574208295,1.7778787358214572,-0.993390279382794,-0.39440749672298314,0.780277673435808,-2.7606972744084337,-0.2507253578655557,0.9626733292902473,-0.3486215057132141,0.7317348990631908,-2.0003826077616567,0.2840374315142569,-0.46088716237797905,-0.22527507342336842,-0.9478674423543193,1.5992132637876162,0.06893569174148842,0.14572663459551174,0
2.061591624703537,-0.9248817454291612,0.13991315476426516,-0.6812135315274773,-0.7296231773165811,0.30781040871705584,-0.2818557692116829,1.9782138903975621,1.7822581153592927,-0.16248209521477217,-1.5410199701762144,-0.2911643030486664,1.0475193440319257,-0.8865134140878203,1.6046447380450017,0.5811646678112825,-1.170855744639936,-0.660103841889005,-0.5188114547249254,-0.8060236929372067,-1.1454604308695273,-0.5750687056853179,-0.3806967844039437,1.2990938349757803,0.43867425932263243,0.49818128246290666,0.34959860008799204,-0.7961108801559587,1.1471099369990312,-0.4343607692794699,0
-0.3358431963501877,0.3791149252985256,2.499736870691274,-0.5653733844585774,-1.6294862038024391,0.28933543987683663,0.6838557975591399,-0.4343577625378011,-0.5937492757431931,-1.2713348699303813,0.3370466540145894,1.944332525886974,1.7124558782979498,0.30082156812950045,-0.41619299849001334,0.3819739360307053,-0.32488183664877834,-0.6406228762008963,0.16285907784134196,1.2779221281797601,-0.18930665380894454,-0.20107957555398218,-0.26475950271555787,0.7926371133288225,0.852155903979377,-1.0763906456860337,-0.17658576544272883,1.1062577685771222,-0.3346360823984333,1.3924987464018186,1
0.686481304834091,1.7563858207674818,-0.3112470583748132,0.7017513233892849,0.732878124715789,1.0774556811996214,0.3533869823589008,1.1134030325438933,-0.6307801198599777,-0.05580792806424898,-1.4880523997011663,-0.26974602262221914,-0.8510483798602083,0.33105097143864776,0.9860636415091667,0.5646205948301457,0.7802224666161753,0.09554474229219921,-0.1407550068618721,-1.172982645642228,-1.9245633382044125,-1.507937833491593,-0.6631018647850212,0.9123787044185804,-1.2287630313241105,-0.8216934496975007,-0.47042525168058047,1.2882100032004011,-0.03826249600129317,0.13498864417439652,0
0.41069992675944467,1.3949194103440161,0.08371799320481048,-1.7652787530491623,0.12692892431632513,1.4404823047203754,0.6410296660753392,0.21502778457975127,0.3537415859516639,-1.837164236134311,-1.9765840208951984,0.8941142140538872,1.2856753697248602,-0.62949327956538,0.19329194253334384,0.6207947736039313,1.6600657702111532,-0.07994059082306082,0.737774014634541,1.9931860206582517,-0.28044887577057764,0.0647942285350882,-1.105577037701462,-1.0552815061048273,0.8754468335840898,1.1938810779129367,1.1636266042310093,-1.0331344773497575,-0.20569405092645895,0.47847589489370784,0
-2.276308692644703,0.45697966284617714,1.8804684939978453,1.1366921178778655,-2.410313078009759,0.3973443425825685,0.21596352671433408,0.2716610941017863,0.10713331756637122,-0.326456666466709,-2.325347169846152,0.3109215349808246,0.6273829915366798,-0.5553606659180139,1.2585741501723513,-1.640186276739586,-1.7253214095701428,0.08498727810093248,-0.6817072190705643,0.9720412203056266,-0.4275667281441752,1.358037642172212,-0.7220265073801113,0.14370796193450838,-1.9844996574176508,-0.05325468375116428,0.07269426538077041,1.20957911897131,-1.5110838841136904,-0.2829852104377073,1
1.4528329516488887,1.5853869949973232,-0.8343670799555835,-0.6856898352928654,-1.6996693934740605,-2.123003177866556,-0.3888828646366695,-0.6452784416853238,2.061519484846057,0.34770923205758336,-0.20863883873800976,0.6559995406489532,1.0284569155547585,1.2136753296912943,0.2595803934622943,-0.02362947488497222,0.158189237231992,-0.05847188488567584,-0.5292276645751743,1.0431905029984045,-0.19285710057705371,-1.0143428456341628,0.020573313124591895,0.7166639547660393,-1.4559390137455155,-0.26887218747156516,-0.8021109607531015,2.182692251338758,0.09176003313632534,1.5521947595488772,1
0.2441198204276322,0.33344917913209204,-0.06141586786673726,-0.22301242309268263,-0.07387176873761907,-0.6573855143573951,-0.01105954633323244,-1.6236917156299977,0.1734455180314834,-1.2048320213235943,0.09443102797936391,0.3209581838078632,1.4170691779864015,0.31677042242563763,-0.2663529525984272,-0.6288667054574826,0.7163219139487086,-0.09912144613196602,-0.7524047909752609,0.1533857368018595,-1.8569431017009048,0.07999761538970218,-0.7804306387079472,-0.3263477434350068,1.994193849244617,-0.48528892102486265,0.7898361484903265,1.0492139313558737,0.853760953260041,0.3711639468885059,1
-1.10762681200008,-0.6505478763656822,-1.1657659570290182,-0.3519559154777433,-0.3403198118866775,-0.9137588645356944,0.5473533095719623,-0.49342637270894163,-0.36276099208355167,-1.5688562048799426,0.06927756172775544,-0.09422236875432724,-0.5994763967856883,0.3811211689849213,0.11886686628996515,0.5875743850395336,0.6326571060701087,0.7150575017560955,1.668695618634066,0.12859814644153544,-0.9460670844771155,-0.42995050273588165,-0.4032466021110775,-0.9198140150834931,-2.513346510726203,0.231223833882433,0.033666649794365885,1.913906218464176,1.850410933385587,0.679824563153044,0
0.5626807799956431,-0.829634970720471,0.18863280466957522,-0.1165343738632647,0.14577466884709023,-0.7689322923083353,0.41911517194894554,-1.3693421059932527,3.035493411166855,1.4470671489006746,1.3272254899957832,-1.275375333997346,-1.620709335296878,0.2747710968657975,-0.3044504938040658,1.8477259542083446,0.6277694786098413,-0.041242106138817854,1.4798832675293487,0.18212666693721744,0.22899638425084431,1.042121835895028,-0.677497730226862,1.0186941850749067,0.5660279430675369,-0.9207311139352176,1.9580540954460672,-0.45746944417738145,-1.6344817007931014,-0.7775872050470767,1
-1.035729560634102,0.19569350326867838,1.6225177719790764,0.24869915525281744,1.5858627012969069,1.0666109549037361,-2.666489631920119,0.899469071752911,-0.5809835717321258,0.5127042547395321,-0.05787611294392646,2.7861374696366648,0.4360684467786119,0.5838031181659621,1.0782540427273477,-1.4891133949642308,1.0834576362759447,-0.21560457608154102,-0.6914504179669901,0.820030961754199,-1.4883232239375954,0.9389389107867735,-0.15748525039726205,-0.10014065486571207,-2.244204041579815,0.9004204515832821,0.24762648725703998,-0.4671777324833681,-0.9274381595461856,0.7815811357871253,0
0.3481827771433788,0.005183427720208991,-0.9882533111381945,0.302786589187051,0.2432401002219904,1.3158900996323069,-1.1974484278555058,-0.7158321275777658,1.9436131690989926,0.19154298094678937,0.25272935807302965,0.965958775488452,1.812376902045841,-1.1618535507284362,2.1818341152543095,-0.04364666078960508,0.2638494960282141,0.06006480497845969,1.4978140136831695,0.9584581102432957,-0.1449588809039462,-1.1269183641376674,-0.24289672206664453,-1.3374071204500453,0.8911144936060073,-0.6784426451797654,-0.10245072461259781,1.173164537856276,0.8070655239641173,0.3831947440715232,1
-0.7956381533436786,0.48519818723773556,-0.7953157743928679,0.49435399807966685,-1.3070510953879924,1.2071699999557581,0.19954993547947295,-0.012771497885422306,0.3911856955131099,-0.11546578805281842,0.06800669664561108,1.2912985532478196,1.057131740499629,0.7129861506472212,0.2519865150035445,-0.3164582501204295,1.0728947172220444,-0.9105363548340868,1.783984495187864,0.71159196173682,1.1818337544590738,0.467823242531368,-0.1223366955582925,0.9483526556966607,-1.4073528149844636,-0.5886261285727741,-0.1910759239901241,-1.3809295407106392,0.6370355382106425,1.2658839683312344,0
-1.7088387716694031,-0.41549625522165157,-0.1695822361743152,0.32293454835477714,0.8549570629702398,-0.2788573708444473,0.9408587238985072,0.08838207601414509,-0.6028459844108454,0.23060276128563115,-1.2632651723026032,-0.25456979941951285,-0.17549400445498983,-0.6048173601200719,2.5326006974101687,1.3015501863315944,0.1998076839308375,0.42765876798229785,0.5169349735390326,0.6245658398429534,1.56208167973951,0.9274504308268284,-1.985698278006399,0.8335794228146042,-0.8367049905821933,-0.5542153674054692,0.9813209659629883,-1.863170815665848,1.712572970129856,0.8173294966004616,0
0.33371343325668085,0.8338546405730837,1.148490102686669,0.22288909474773586,0.7740426587613342,-0.9798742474989713,0.8119322490019683,0.607697446246323,1.4392255284557223,0.17414263346975448,0.3064253531158332,-0.9233195317472761,-0.0005477266553798791,0.611375292698678,0.7060874229519862,1.7131463534699236,0.46148543272825715,-0.09276116324617681,0.5566661493154638,-0.5574219397412867,1.3250594313630821,-0.6935269805627119,-0.4051620245362533,-1.0754981317578736,0.08285628172701973,0.645184975072912,1.6532746383220396,-0.05738773646172497,-0.22441484639891904,-2.6685577819233592,1
0.2231338342531753,0.02759965428491938,0.015798210332768382,1.5058062998813748,0.5461300254949407,-0.4160978539705205,-0.9057561220206695,-1.1573225388116528,-0.44557110066187217,0.37401105071094737,-2.109695759509777,-0.13504709723691996,0.801828867197288,-1.0353128692882005,-0.17816572390275123,-0.9915804700153645,-2.7081740360376103,-0.8003604600059732,-1.063538146270728,0.7751034069762416,0.48053632842516103,-1.041802549825803,1.2926491103429216,0.7252047550188216,-0.25644304834455195,0.330055628034095,-0.9453719087563478,-2.461952323753389,0.09087608789673335,-1.36410652868566,0
-0.22683463897018188,0.4110084061569001,-1.9436558544152176,0.20665272941800247,0.8264457467022751,-2.078960467374163,0.7054377593522752,1.898980892122973,-0.2550770940236235,0.7404185870357033,-1.0046795644951045,0.9202324339582069,0.5101384390101611,0.21775386079767556,0.1608602442332109,0.3944487276353822,-0.06400002703838813,-0.9729301345630564,-0.1478513022052385,-0.04768433213620201,-1.1739063916832733,-0.11048338685032863,-0.06175147713136176,-0.5206208473145507,0.352290707559034,0.5895274172305643,-0.6636839653164229,0.1491301105601713,0.9091921623846282,-1.0103690657021756,1
-1.6632196649942697,-0.9411492248595296,0.526892268377977,-0.4567131945579073,-1.2385416694431906,1.269398059273506,-1.1803434393656114,-0.17057721392095365,0.7365736491152738,0.670135368797044,0.4173150027967228,-0.6679519252135828,0.5578995381112624,0.014767477608786965,0.4065590345544609,1.3706410815571834,-1.1937475122338845,0.38523277997270106,0.14214150436778394,0.944353327354747,1.7783160950054098,1.7471595677277147,0.8350053406427753,-0.5986862074069379,-0.4223044904248155,0.7213892905305136,-1.2865522300144023,-0.2334922518333814,-0.7381953881615755,-1.176747192870333,1
0.24780168262795038,0.7895839618707109,0.6002994998315874,0.11817539190774208,-0.35226424269954226,-0.5246202047086057,0.8714482112512877,-0.5115007385566762,-0.5400984707250357,0.4111582515323666,-0.9810830446836563,0.0851680694034021,-0.5291940045862423,-0.6714487372538703,-0.2499564552097288,0.7544497931019404,0.17675619876098994,0.29312474127850335,0.758944462090523,0.623692051804474,-0.17858789066397276,0.5565213463876355,-0.16843965470969274,0.4382287720687978,1.0416185211353857,0.5206381678113124,-1.2464084074381239,-0.49678372943985677,0.647566450369162,-2.1550813083120484,0
0.3235850711866407,0.2673547444863376,2.7273476887914585,0.4322795799833157,-0.10849134238121776,1.1636736102760354,-0.3443995301732215,0.0422687815830018,0.08884948024225328,0.6002205117727991,-0.9232856824959098,0.8335062036189549,-0.5257384279786032,2.05943679955852,-1.513111787196043,-0.7573593660104939,-2.0292892438348886,2.9648513297831385,-1.226908665206347,0.7600506735422811,0.7270355437805754,-0.906002153216652,0.773034591319389,-1.0689899116498542,-0.8135531452998318,-1.5619004034902702,0.6696587568179336,-1.9588575591685737,0.39345802635162874,-0.12360476223128815,1
1.7430252791589294,0.03261167491313532,0.8479675827513479,0.5113361642584296,-0.10319446661752343,1.1149219108189388,0.37989917971387205,0.8986941171198578,-0.9277702823467971,0.5282778251988619,0.8017540563870028,-1.0890037809373223,-0.07387522300107373,-1.7383394413141617,-1.5869999779549768,-0.059876931254496044,1.8002341373350632,1.8775445233473251,-0.3049102608297668,-0.9514795199189509,0.9271411470818512,-2.0035556830433445,-0.40317560655811957,-0.7481744910024957,-0.08631812290520373,1.375318512785169,-2.5882987545393052,0.31035599014384824,0.3432359559717776,-0.06098829246654592,1
0.29137823850636996,0.5142632068636562,0.1583317079712164,-2.0350059372831306,-0.8891997625465036,1.5975942542739778,-1.1670305251860116,0.0806141635632799,-0.7213276494357577,0.5948063820393575,-0.20264103983066414,0.6547378441046816,0.3830367885587557,-0.3897767756431061,-2.2290944289194234,-0.8663990348710527,-1.206290747337287,-1.213830040820989,0.5035256112289206,2.024612350708707,-2.4651771742200697,-1.5062572487152386,0.23209172928102528,-0.2534138086940557,0.45331794668932446,-0.046784896445389634,1.3175446018678496,0.57033585829301,0.8769575683995268,1.017945239191409,0
-1.1926153627008043,0.587178510638409,0.6428585870405207,-0.3416891765723325,-0.3480669297507667,-0.32006666243675336,-0.8794401643178427,-1.3804230194164442,2.14561931019902,1.080138792534099,0.025961537044491778,-1.46742142524435,0.5457921828020904,-0.3641497203402548,-0.15661909984189018,2.247854785721485,1.8979360812654027,-2.365052365366286,0.36531419719863806,0.16557432163141061,0.3551542773009573,-0.5578195832670253,0.0028946651934072774,-1.093891368639161,1.0375025855792954,1.0069430110713191,1.6409818461588688,-0.773728299345928,0.2696848646593585,2.043435936686529,0
-0.6753227664198723,-1.0094010633918855,0.30030039768711686,1.1651171496838661,-0.6671092589621971,1.93285221374937,-0.9157529025460753,0.6581738752116166,-0.6766611799814786,-0.4659232024428798,0.822629019741175,-0.2092183316353279,-1.5191378220772214,-0.7986556356060739,0.7216937126146343,0.3974797475115409,0.7255669095211675,-0.6026749363403339,-1.0599580841562086,-0.818804592789059,-0.750350201807157,-0.04683432576807956,-1.1839726553112497,1.0654166416331188,0.5157446626096858,-0.8646327166463977,-0.19858745526189975,-0.8867151500988417,-0.14931177751396676,-0.8348240193376443,0
2.142335642656741,-1.5907764847981607,-1.2695564691176369,-0.23779301792984103,0.09373372799405548,0.10013549594194475,0.9177740929852982,0.4425090208519343,-0.9217037505210004,1.0621231723506623,0.6282617429040596,1.3868459481618516,0.051362327347286095,1.0901053212568497,-2.7226685806295357,-0.485659953612971,-0.9126381139174427,0.7018785878963337,-0.739576033340264,0.9756260975537348,0.787389891025579,-0.6073970719989423,0.23875678259450306,-0.21445770305995654,0.11635986204912886,0.7496432230717109,-0.3259459218662029,-1.6560851662712124,0.5956029616426437,1.0724696181255986,0
-1.6997473861653902,-0.03654373876556872,-0.93172907171284,1.1269377416856263,1.1824587299812042,-0.8096819877323318,-1.3156163043633413,0.24469661233627532,-1.1091389794314332,0.8577602425407037,-0.13117526177112493,1.6055015317493107,1.64994649702015,1.5520476091754283,0.4029375406691993,-0.9457576293183277,-1.4831233149133494,0.5946132760903144,0.6693665278964173,0.26202488083267483,-1.3288660666464327,-0.7976434464168598,0.08332153146942267,-0.6131319775180667,-0.7758810298691784,-0.9665378865709667,-0.1353153410551772,-0.20745331691744825,-0.8266453207144175,0.010252657090162123,0
0.24943668891635684,0.3529515811204594,-0.9574224478573217,-0.3071297086935708,0.016042485958454235,0.12517724325988444,-1.3349954024552113,-0.3412111719798537,0.5927199772758843,-0.5938690596274128,0.3556562905905622,0.014609164817966607,-0.459903917862271,1.261707323273505,-0.3026760304032474,-0.21039836022090597,-0.4847731800693737,1.480476733960506,1.3907351155428098,1.146772454968252,0.869473757502773,-0.8841962728603967,-0.44980374050734434,-0.7706738319630128,1.0303284716237635,2.3355863712871447,0.6792610922728736,1.6760094264156646,0.45736474192733567,0.3167735977477031,1
-0.580105707810032,0.6130271006976167,0.9129769637321803,1.053716390548826,0.10342686022954597,0.1979050787116697,-0.0610005031363931,-0.5646099760461476,0.8812374494883488,-1.8952560273547938,-1.6723805634689948,-0.546968862079366,-1.2735944747486132,1.0859972963764017,-0.44272372887299,0.8770557674462117,1.3047569808943436,0.06136857697354129,0.3270825888944543,1.2267254061029935,0.9992441027632715,-2.0709262553397707,-0.41224187290881176,0.5126051715314337,0.21568145956744506,-0.9925729187743505,-1.707545570637974,0.6112190773354792,-0.8433976093318237,-0.13433638549518823,0
0.14473244892422474,-0.16276511211457906,-0.9317524763968048,-0.08271687757365492,-0.5444580996838935,1.655787885704047,0.21336494785299265,2.566438427967767,-1.3184100711456066,-0.30088288998579593,-0.30432466253943974,-0.7768569827787458,-0.35124262762538905,-0.479968638761004,-0.9787046608543813,1.7946342426680344,-0.08343952170056392,0.9269745367948587,0.9902356013924777,1.4281114421236583,-0.9823118728208463,1.2663773693895277,-0.07402951695188457,2.0356864285214717,0.5248351402781646,-1.1527857363269445,1.2578515471467837,1.1592581307926155,-1.2917607842742973,0.7448980707887994,1
1.6035194302080833,0.4788643784551132,-0.9738052032415444,1.0102965839293374,0.66549250271385,-0.23074701496770686,-0.4602420405986311,0.6608103018593744,-0.9106987703832327,0.20183445214121726,1.1986575175078684,1.5198562773851099,-0.5253226611440784,-1.586734585745764,-0.7072399539822231,0.816392156922348,-0.7407896336628514,1.0827211106807615,-0.7429183027103119,-0.557349864352165,-0.1728733601982213,0.9445826803378964,-1.5836147286398816,0.2799825387286923,0.26207596681345735,-0.9914168265192252,0.3560620599720647,-0.17991768873212505,-1.1312066799056457,-0.07393659769718912,0
-1.0422607229692482,-0.6404992938350329,0.8799597113172752,-0.31207491365623785,0.8594708815542846,-0.1569323911900386,-0.9626342185825432,0.47990524269210266,0.5601612456972697,-1.2304344298274161,1.1357297406435416,1.5208594363065724,0.6266756318834215,0.07737464848238601,2.0116955032472656,0.5390551304672517,0.1972235026657994,1.6998982056318557,1.6026687406543474,-1.4391746626105557,-0.5041704095803736,0.5856662958937061,1.2273496674570767,-1.165527632051237,0.9078632234401853,-0.4045712879201187,0.7174657696547313,-0.5669700242683426,-2.332899461044244,-1.7711607184923264,1
-1.1260805457751324,-0.5915549372766212,-0.007183628930475322,-0.5175901643463577,-0.0473728066988421,-0.49638417102856436,-0.004690583042781436,0.9306692574328335,-0.014973028560252436,0.5408511070775573,0.714362969215863,-0.15783742033975962,-1.7908505155767644,0.2526957254769355,-0.674096067204458,0.8624093617641109,1.3656589642359,-0.25754112734743073,0.16392852958990572,0.6678623379799348,-0.8128894875895935,0.00922728230441959,-1.547507925862716,1.0443167964005646,1.6860968460246288,0.0999422017633454,-0.7518027247060368,0.26150731289953777,-1.2748989834332451,-0.43593813564877926,0
-0.4181911225451242,-0.5217254499032901,0.2192042790773868,0.43393727951177646,0.014257821444750898,0.9009086565483738,0.39034598290444367,-0.4940582334727267,-0.10802805475907971,-0.08089616785140868,-0.38324613748783204,0.5096487908961548,-2.1314457053865774,0.0321095909696462,0.3093068377157036,0.5990528176613195,1.1083351649945883,-0.1406769762043801,0.8317662146301382,0.6105602668153601,0.26424299343074226,-1.3913831599404125,1.090472912651299,0.09633355136347539,-0.25204116063222914,-1.1569802781665834,-2.4441561170013304,1.9022819971203278,0.30685554555821987,-1.1069910254397854,1
-1.2606761251586391,-0.27866497325115486,0.8080337238805275,0.631171059483484,0.6819620497004835,-0.8873857152531978,-0.17884292902034082,0.12708635675150423,-0.056719998194519526,0.5458599384906996,1.5736989650120425,0.21037165111249287,-0.5848919376052686,-1.4528023533189005,0.1758498235559716,-0.6596844063541525,0.4286079352098227,0.3646415576333632,1.5635184203095984,0.21382542886673322,0.4555929626011987,-0.6552657216221438,-1.4321704917736056,1.0744677847314428,1.206517460412972,-0.3307639457605161,-1.9339375322387877,1.3608661031642244,1.1882013237007127,-0.11675365221737238,0
1.0688192428558514,-0.041028717748182425,0.21704478956981754,-1.6260432381211465,1.222027877777352,-1.7530345342162124,1.721453340459221,1.8228714347885708,-2.5545463320919093,1.5569608292280197,-0.23876195119995283,0.4222488009480013,-1.4105259192346489,-0.3225850330766333,-1.1810921253795765,-0.7892813740093274,1.2222337074727383,0.9991500978680199,0.8204787705351458,-0.5391035791285868,-0.6903374249592719,-1.649365701831028,0.6780006020871723,1.9366368634547249,1.455782435723437,0.030686896016921525,0.49333963405822673,0.24742908991197257,0.9094564063490577,1.7421000173907923,1
-0.5695887918510467,-0.532401586118176,-0.2871344923897845,-0.03284982537641447,0.7283266282244131,-0.06720831815962883,-0.8534202214065835,-0.8402155693912503,-1.1752329561734662,-0.10703047955077927,1.033800584643752,0.42033710958502324,0.5633853912163602,-1.0842088706197646,-1.1727947914648758,0.1783736929233565,1.2463244748288034,0.84483741187256,-0.6735659210106468,2.2912259121069742,-2.0297217887802215,0.029013736412038173,0.10272623896868913,-0.2091380140888604,0.5256634269997401,-0.20227445861050647,-1.4953736031938276,-0.08855040290636702,0.16459034267370132,0.9115593053842841,0
1.4175564014032769,-0.8554878554718914,1.6721951094434835,-0.42811016352976045,-0.5105001202945927,-0.41098218789007895,-1.9512824606306332,-0.42251379437317377,1.3110060139115547,0.477353060519314,0.22756222438416132,0.3507005362014081,1.2614471327092556,-0.8779900170857423,0.9038786037874011,0.06652250157954442,-0.78386400849253,0.4636473117415385,0.08382350230688383,-0.8067301964354153,-1.0695352567601402,-0.4348926183191095,-0.5110103479635296,1.2209618529136352,-0.214249766619819,-0.37309086098218114,1.128805136716053,1.3496615090216626,-0.8314714697473032,-1.2437726829274458,1
0.5152260470692581,-0.20738499649879646,-0.5452179584522279,1.0383063258597556,-0.26058385640705434,1.9181971149087877,0.04768592805290827,0.16412721278038755,2.2397640505210643,0.3096471648499399,-0.706247589181683,-1.020468256533669,-0.4619255321179439,0.2360172903883361,0.9110055865576983,-1.5041118194445904,0.0031597566349085534,1.2787477705237558,0.2621821115239365,1.3558700332747815,-1.50796047154515,-0.2265751470670031,0.12046709898557474,0.5531695873441455,-0.8513876147019398,0.41596174802010294,0.4939358539264366,-0.07350525265514567,0.46993996876105454,0.31631324450223747,1
-0.658375548560608,-0.15812202111130083,-1.2489806560169057,-1.4958984262778654,0.2543320546957805,-1.8940070440623584,-0.24183745574891383,0.41340242617723383,0.016439960536994744,2.1854323910680535,0.42675981149277276,-0.2686001768696029,0.608045239627198,-1.3121628816635027,1.0002024379612755,-0.5049784715267072,1.106550324599734,0.40034602310130135,0.6256339133532806,-0.553859323505022,-1.144740658088235,-1.1624978087886684,-1.7157234019576788,-0.3834489994764336,-0.5874139764916331,1.011812319936819,-1.0335943685354256,2.1939488003002534,-1.00156881523516,-0.9074822507895359,1
-1.4800016578103203,0.009694611371215335,-0.3219101068284922,-0.1078773050766012,0.406874277333437,0.9826534912278969,-1.1698272965910428,0.019603802367002723,0.8553341148816971,-1.0941278430628518,2.7643366113859993,2.341248527746975,-0.07513824268524905,-1.1066582667280944,-0.97793660475777,0.2337360506264406,0.6397219892589271,-1.8422033411897716,-0.9459918692363578,0.14180220022508921,-1.404410488199215,-0.2970705829698415,0.4311971963707472,-0.16201876400645446,-0.7342566896159792,0.08701218455960824,0.5068869205430484,-0.9208429521524275,0.34435178372263797,0.32453200150569056,0
0.5191799715477751,0.2628756606579035,0.130070105066471,-0.15596567407750767,-0.29910547264229015,0.7229930236097556,-0.09545609163759135,0.5350871688062946,0.5194247400645914,-0.9397688061641707,-0.3186493513885635,-0.05283647440059364,0.09011219192649977,0.4292641662525687,0.17870108189680076,0.041958629236675565,-0.4352353129433613,1.0569286776312454,0.3475085435628845,-0.11210206727541144,-0.3896251449449875,0.2798404397134865,0.02959952390173229,-1.5238692930678717,-0.9905561199478656,1.3045763173768448,0.3704497055476203,-0.6397179310213059,-0.3728846404059525,-0.8619675763533182,1
-0.5246473428349601,1.0245007085877764,-0.18105464677843594,0.8331968773788306,1.627667916160908,-0.39514744506682786,-1.295105828525466,0.43292706537115744,-0.8203071082183578,0.0006069395391477237,0.16852172651609068,1.8571953244294213,0.32290335829082356,-0.4571012266942309,0.6258426321337087,0.8151561387508278,1.2048456888017018,-0.9228900109176962,1.2909170533163898,2.286168375515904,1.2686051989456146,1.4505179738702445,-0.4347346943036401,1.6894249659055596,-0.4760808864039529,-0.03876850879070724,-0.4645260564705251,-0.5811793815439197,-0.005240133521246027,-1.1537552442572634,0
-0.6871503783144091,-0.9726239298200247,1.5341927940578286,1.6200392208523144,2.5453633343571704,-0.06691536355006732,0.029432865091284132,0.771460256504212,-1.2763875056960454,-0.9784269986749018,-1.5971669277360845,0.836789645350817,-0.8611198353332687,1.0016462784873517,-0.4617984392784291,0.0037387616521917023,-0.1711447792673823,0.19033058126907856,-0.4890178414738048,1.039678629097516,-0.16762852465751674,0.36398810520093705,0.10955504007366114,-1.0135928836963746,1.349239719323991,-0.6516382099741754,0.8087479499042194,0.7289737639047655,-1.4989288908527638,-0.17972384604322972,1
0.579820971226929,-0.2895261324569625,-0.12796906537594127,0.21704697566498368,-0.37595390125810735,0.3571983162662212,0.04258239383012694,-0.19699182498674522,-0.9705267016809728,0.40557547006634814,-2.409040030035508,0.26229366159020784,0.01485537566114313,-0.8130475636587784,-1.3894808784421346,0.4182601362991932,-0.24710495731306448,0.13863111401774508,-1.8374443575023591,0.4765826392684559,0.9396613458667555,-0.15266506011783113,-0.8969083837395986,0.434133006812146,-0.2842026074293991,0.8633497786878728,0.020738028133514105,-2.142279724211402,-2.3490936806530742,-0.7104313170073588,1
0.4528994424938087,-0.49232789099960983,0.4921328159573046,-0.6620755244703888,2.0626223047631136,-0.18798490620109445,0.2692095258195481,-0.9585516224329544,-0.41820062446721934,0.49387602185034474,-0.046197061894130635,-2.7816178975217545,0.49910303363147074,0.6091489887349956,0.7308337376141255,1.0993942688277332,0.18075357775692574,2.3955838611346283,0.23359666069666182,-2.3025052001085364,0.22367517792757755,1.1208382090753797,-1.377761728211278,-0.2705017603270895,1.2128452704914845,-0.5646413198278303,-0.23757613399793517,0.780804050790648,-1.282051223214599,-0.011757633815465534,0
-0.9717405057171357,-0.2681586083197668,0.2367914438705736,1.06031326141361,0.31246477937515804,-0.5651509558091778,1.1972182056209668,0.6153632461588592,-1.94165054132144,0.8379664157887546,0.06491572504215354,-0.032875186484413316,1.1904296648893702,-0.20431025417969523,0.8941490190947353,1.277389565580602,0.06221678688879866,0.4473641189734343,0.6940059055983208,0.4624807526084756,0.8893417574766387,-1.0443988484578126,-0.6414113834189431,-1.2595790563799403,1.6860270618551714,-1.6757465598649948,1.320714600040737,0.47226196305230417,-0.876208335609639,-1.271362567712396,0
-0.038009665006547226,-0.2244342157600664,0.39549666660673216,-2.199459870352242,-0.18856231182505584,-0.8765624866309423,1.2765174627524483,0.40930522604966363,-0.5075079928302735,1.4212935197207992,-0.43569255849671645,-0.10405821507918407,0.27057841088369466,0.9092485877771072,0.011887084796192283,1.4203923242567416,-0.40180115510248143,-0.9809182885159929,1.5925591655508315,-0.3134219965410263,0.5932577613583988,0.7682959625243823,2.0827126068994133,-0.297105938087487,0.5276703360363747,-0.7829873948676298,-0.4812287749417971,-0.7577894994279689,0.8469497781102425,0.9198101813464237,0
0.3688606468664893,-0.7757444923619705,-0.6509355830495779,-0.7018534173504886,0.3569179147531391,-1.5810186617858386,-0.3966802514529414,-1.3390985455715663,0.5063703128941766,-0.9911091111683938,1.9581233099793567,1.0453622165057257,-0.08907483314102058,0.4134570407281412,0.46839086814224445,-0.9602401174397306,1.2381678143075918,-0.09569971108439897,-0.7679160400697588,0.5415868300890114,-1.1228255869961807,0.6558338561162781,0.3430187587142707,-0.650014425477809,0.9564899738297689,0.7053055138145724,-0.32186041655957287,0.5390589437027717,-1.332179393268902,0.4915023356972073,0
-1.4589969087964012,0.12839349874405803,0.6892568271189505,0.33841974773744715,1.5533769900119379,-0.7933993897728829,0.40873120621811193,-2.132394128214679,-0.5121808795669909,-0.30265247067404893,1.5673615962110552,-0.02361102973176504,0.9131044872476067,-0.9044044158200075,-0.3329151650722102,-0.8367267825433837,-0.9938218829686718,-0.9252398259494221,-0.6139354702330526,2.0427375514950636,-0.05849004772881267,-1.352781008298071,-0.5242863000728729,1.0165423022406743,-0.7017175127092149,1.487620275173107,1.0296344859611366,-0.19433129374871083,-0.6559875519707759,-0.9507905749223665,0
0.19239875986933963,0.41498001013104485,1.340013906184249,0.3567998853810049,-0.3523788250647302,1.3743631963182876,0.81926663302674,-0.687659938770952,-0.08309396329459745,0.6604590921620922,0.3048916690568737,-1.007856379745001,0.17586465223618225,-0.6756399349656703,0.06349849044854818,-1.299664830853009,-0.8909064705468182,2.0986396753782857,-0.4262376383915598,1.11345658840246,-0.12586635438475668,-1.2029193404754885,-1.0799732452952846,-0.792961659607666,2.1457339350080353,-0.23111387942121764,0.18106568548758767,0.6817862429268752,0.5045915202038869,0.8649895966188638,1
-0.5254174204629112,-1.183837343487164,-0.944550437405063,-1.5318639326933405,-0.5201730668972181,-3.7261412750189704,0.7245986221120518,0.5720926947695272,-0.9754686704595273,-1.3768617742686313,1.5279201117406955,0.966485581190591,-0.25737945787704203,-0.6751163489695106,0.0380392045860198,-1.4408947271558168,0.29296674751242635,-1.2021159596421143,-2.3908743307433826,-0.8138327503850133,-1.0150836448403966,1.8069148660793404,1.674698176651312,-1.11632455731094,-0.100092062047246,-0.6563045773184998,1.8378056860319534,-1.8201807901288025,0.46511994895642744,1.277981562857085,1
-0.5456735410078315,0.02360451742110982,1.0530960882384401,-1.1069340686076339,0.6365429315358422,-1.5484162785853344,-1.595350405533153,0.8506017488515754,-0.9669579602167733,0.17933773465193434,-1.1781271096097867,0.2806066256488155,-1.659119956679488,1.2956377147517737,0.8134228700834363,-0.6012846561122666,-1.8630115612884903,-0.20469172629809781,-0.35833693884255535,-0.544381017266648,1.0506304512622304,1.2135292988741015,0.42755906733540294,1.4905906545088334,-2.8031619372938694,-0.30408763114619203,-0.35176003224377794,0.8421010399977534,-0.3184304057379488,0.555432016222073,1
-0.48161892562654635,-0.6740309179148335,0.8010717406896651,-0.0018319382287782667,0.30711060216708014,-1.2402951224198528,0.6778329806097658,-1.0770791641795143,1.7131646515021375,-0.2564927469342689,-0.4140293423157221,0.8921873839201718,-0.05170587637919361,0.7174957481416862,-0.2989028631064441,0.7135243448980099,-0.0764407350483373,0.8668516733235516,1.1507463319202318,-1.5845594138767702,0.35779106898849405,1.8296340957806814,0.6177823726498634,2.4384835328454004,-0.9281875803062075,0.2578743241674944,0.4876552214764855,-0.5268694861420731,-1.235639410300513,2.1698070278561543,0
1.1222041898423851,0.5578700420380235,0.04787272232695097,0.14038639873506806,0.6280307273324851,1.4423470498016353,-0.7068946415153536,0.10564845925449035,-0.36998420534259435,-1.0568949788104685,-0.6136941575748345,0.2162852806507904,-0.299298995264222,0.027283472083053432,0.7246378821330829,1.1550799172548254,2.6538099621679034,0.771242993901879,-0.6168971937194225,1.102726359330237,-0.31788789159756997,-0.6991800687136679,0.6228165580978658,1.4137406948667914,-0.6055266945734005,0.31540017059692155,0.4563503098147632,-0.948564261389555,-1.431444154834347,-1.4028540571294408,0
1.278849324885711,-0.46385221533867277,-0.6302782865714328,0.3184537638418946,1.3008137529036055,-1.1646992574900277,-1.88818512182181,1.475576969204517,0.5137941471861771,-1.0727025154137184,-0.4383052060348249,-1.0023658866743763,0.6399425917081434,1.0228284509358048,0.6692821843934077,0.16641308539916994,0.37809859984130567,-0.7416769966188188,-0.4441698822089083,0.005997706292673612,-0.27667717441760814,0.0005630990673195367,-1.617563921862288,0.8812320461569784,-1.072124062878467,-2.1081466915816724,-0.7153076042283104,-0.21564093684269842,2.0176695542197964,-0.4888460054301172,0
0.20972496838057103,0.32068642082114457,-1.514876807129234,-0.10525367031840668,-0.26444430431213,0.08365723615295129,0.4230588488391515,0.8507986120271173,-0.8564625682065257,0.48320299217233564,-0.7284543226147762,-0.9102238251000054,1.752577595354874,-1.8132456049576846,-0.5166398261150362,0.22230609713206442,-0.5994665625612119,0.15033571458271353,-1.342873073004035,-1.845234355159553,-0.8743687983795276,0.15212664488459468,-0.17155008440094122,0.6361568725176084,-1.424681576092157,-0.5756206191785248,-0.0719442847105946,-0.9689842497924959,0.1379758932937146,-0.2812314637779514,1
0.48683748225859996,0.28877081919046427,-1.8534395342040368,1.4725594380500935,-2.1723025426818796,-1.5518947644231391,-0.07494597333648872,0.2959635111191458,-0.2822792979502996,-0.541995248034198,-0.08221928927679552,0.5271957900864707,-1.1465226728745348,-1.114292708816321,-0.8655496113518709,1.320083371162877,0.3729323024719157,0.5723805078948604,1.5910313395175808,0.787406644782371,0.15643620926900406,1.558311791587223,-0.971669403302651,-0.26531493694949454,1.1562580042352821,-2.193961162995474,-0.7967673048955779,0.7895847073390907,0.10659369565332646,0.5138186864532379,0
-1.9164190303671056,-0.8409746735365877,0.6491882141039795,-0.9019651291721383,0.8248487717903951,0.2874578210793976,-1.1720292408787918,0.34550183668252926,0.7489507974093015,0.36149869989594585,0.5370389488678068,-1.7287287073112083,2.255046572462487,2.820815384723033,1.4287149713690852,0.1155502484886924,-0.4049279106370679,-0.38381426981943545,0.7839139663489076,1.0690102211961698,-0.6496190646161971,-0.021515134745693824,1.2569385126748158,-0.10254540122145857,0.11193001477818794,1.3765940926096216,1.2155362626650366,0.8048966267165222,-1.069090346112223,-1.0567527305044442,1
-0.7357310238573764,-0.5219160133739309,0.2159708575812312,-0.09312460733141026,-0.16157457116182686,-0.2579222149838484,-0.8773949277840167,-0.46123037877329964,2.4335692879847306,0.6992161809113883,0.020043816149071022,-1.5004354808131946,-0.9904434871378718,-0.04227866469307779,1.3595872932901198,0.22905178990855268,0.21555196480995079,1.1100042952056082,-0.9712777758484218,1.4061755978105965,-0.3834155253861234,1.1581106836368495,1.6701250086520754,-0.9072604506086549,3.647492241081408e-05,0.7891131929305609,-0.2866819473007486,-0.2588126032124352,-0.39839705227298106,-1.860593028352186,0
1.0574847775991585,-1.0096789997917377,-2.289263401001092,1.046889423957552,0.48481332963870244,-1.3180784830824062,1.0862093673166389,0.6654776935727347,0.000321124862292682,-0.3503681705872337,-0.12235866288715018,0.2064995154334286,-0.7886483378484423,1.118049158651858,0.555637426679359,-0.13502319658630837,1.7430952378449336,-0.3015663536449714,1.5492839157582985,0.2926758838733724,0.7575972177364397,-0.36711404970312556,-1.869675288611193,0.47929901971946776,-1.1879242984601701,-0.6126972935316387,0.07581731952288569,-0.6417610763223455,-0.031712485775794746,0.19956299781515485,0
-1.474207006175676,0.27418402551972143,-0.6212010874390113,-1.0680522748364418,-2.001379452621026,-1.554377400959799,0.02395861902348711,0.04245987682224543,0.5183956376024038,1.7157444002380369,1.3561127296814801,0.9957694032216218,1.1864313606179506,0.1808256887131618,0.1627336027632531,1.5372616978932372,0.21641539591853928,0.23775963293911576,1.1657007568408446,-0.27652257316079165,-0.1345261803748026,-1.3613313172286519,-0.46256353256968247,-0.3297063179289542,-0.2732780318474961,0.8104750029964789,-1.0087330354761916,1.4891254783393821,-2.0601677989016287,0.5981931173181951,0
0.8166453185566199,0.6919609933256882,1.0955616630673741,-0.21163236340279695,1.2530155541533259,-0.6907954160621463,-0.6069104972312501,2.069000866896443,0.1768168111680727,0.9517510779620973,0.4961312665296555,0.7233198979026291,-2.0052568001410145,0.3763093584801768,0.01577315038043532,0.9733042962434966,-0.7957064110569507,1.1932640936990597,-1.2064037700916588,-0.45170655575378105,-1.5782926663875168,-1.0805576223825637,0.0069474527526408765,1.3684064641678138,0.034971378973291944,-1.2839437140531214,-2.110887294547434,0.6736013665334327,-0.6573866165841067,-0.5237062986429669,1
1.0766527121495686,-0.13488413198480184,-0.2986374224733591,0.16155780916542836,1.481949892565437,0.25401373582487907,-2.159300091246552,-0.8179553277385507,-0.28450883057878085,0.8634391540225157,-1.2426039855683733,0.14883291924572326,-0.08183552866902064,1.0165309425598525,-0.9969265012590225,0.1672808941112505,1.533110964455632,0.898943138620652,0.5992806675165769,-0.310544873610911,0.1513869524184399,-0.11280084076505072,0.8565686629644266,0.5264555788746923,-0.6275249958112851,1.745435008443965,1.2043537992447997,-0.8665889147441573,-0.34389459566239156,-0.1584193861320163,0
0.8162785793894056,-0.8091119794218331,-0.6691882751828654,0.8783644136087649,0.5586727757178656,-1.9484710241117864,0.6575962467759369,-1.474271631410458,-0.6346243268782547,-0.3648415651512172,-0.469282891064907,-0.6493538848052081,-1.037774516113936,0.5124157747182531,-1.6130849987097244,-0.5316863993632779,0.791087540282276,0.39746385128308676,-1.384576912154343,-1.9295624807117175,-1.0892223469993931,-2.178080908202844,0.09167767724539803,-0.45950182502552717,-0.38252049310444713,0.5103935223114197,0.8736224450631818,0.23827468544242775,-0.2228919815445032,-0.7024019644323057,0
-0.35085976840616634,0.20729792371363975,0.9254529052754817,-1.389517686016671,-1.1279177504646056,-0.006149175610788363,-2.1110949590936774,0.2853272614650102,1.0564339105993585,2.3584076725093817,0.08206991730470711,0.8593102823714119,0.021888317683735396,1.619583664995524,-0.42322764154452835,0.32934256715823984,0.6036736498647532,0.3885615284138912,-0.771648155108039,-1.3737808717300541,1.0212097141666259,0.25120150064276514,0.07529440068092383,0.8919121989398661,0.8451536504052146,0.35823453091619867,0.6355851048757777,-0.525141252044811,0.5338190980596623,-1.5693879460986406,1
0.019760473778604386,0.7472223670915135,-0.7188291617445453,0.14242394591035346,0.3012777867507617,-0.890714021039389,1.1290842437309834,0.3203468191304495,-1.6759359410818124,0.09070322915643839,1.453768875643136,-0.003971253153400837,-0.6506572186558787,-0.5446364623611403,-0.16011865143284895,-1.2123822171966374,1.4024360498339434,0.9240649174444496,1.0772829490501035,-1.5035460456998275,0.12854451623053406,1.0781212363470902,-0.9468813808161671,-0.07224081432664912,-1.0994430225585419,0.8339249018915653,-0.21463675602379198,-0.09247472271155335,-1.1286208241285882,1.5479936086941883,1
0.050924667375761075,0.7915062127003917,0.38404887304271934,-0.9090618820279813,-1.641188669074443,-0.1913934356542919,1.1064819057056736,-1.9695494128779572,1.9482184649391137,0.8337072921749129,0.1907004153589786,-0.11583931613949151,0.8587364574125972,-1.2207017159476223,0.4424081938029039,0.3081815126383603,1.7954194825373828,-0.36524983962671925,0.04464434846071081,-0.06657828224513704,-0.5168952684540512,1.4782425925488911,-0.9746482206938092,-1.5176379561568543,0.24392106082272655,-0.724712553991894,0.254143765234115,0.6333914434456459,0.14612320189789488,0.023977650354550455,0
-2.0618057091574,0.5595298727725722,0.1962266876345897,1.8742189060437724,1.1372229682373747,-1.4819843752019517,1.0607020039705854,-1.2996163759995583,0.8336996990816055,1.453597321786472,1.8670115702963006,-0.3960669222463256,0.7060123455455516,1.0094877074849402,0.47061971409811226,-1.6714410607397483,0.1544535393989694,0.5690376320032826,-0.0015954726517985818,-0.8586742409905411,-0.20088793831038254,0.9011929058662066,0.39352715463254345,0.4654614261955415,-0.24861212182129563,0.42647810190102037,-2.106403335920421,-0.04403361500217806,-0.3809429499761499,0.02714683110412076,1
-1.1728041971788257,0.3702502389985654,1.922388547497571,0.08076319701922309,0.04652223183255367,2.507738902078,-0.9475181515169754,0.49490448247003804,1.5803822532774658,-0.39034545571821505,0.8528651486699408,0.16679436539506626,-1.0746310808933108,-0.16430874495194567,-0.0317880384972002,-0.6359452742186508,-1.6066031901725546,-0.41191369465379374,-1.495085360443642,0.5416950744845999,0.5491920578967254,-1.2747242727696455,0.08199649030782581,-1.3440347212764503,-0.36188071317790876,-0.6688197869838497,0.48021296962797555,-1.6193076511955813,0.9830888138180504,1.2277638268641329,0
-0.1442168821184838,-1.3454981966971298,-2.0934271799580135,1.0952676274739717,1.9839079947455422,0.04355466529996051,-1.1627505960001945,-1.0951539847549427,1.181616192286047,0.16894384266415247,-0.9693002150806918,2.2991899906585416,1.0454124404563967,0.5494700358247224,-0.557971494073872,1.238982051139471,0.8818875881930921,-0.1064927983708231,1.088351404147289,1.0457461766629028,0.2739432644207917,-1.1468752050940436,-1.0213542986232467,-1.5847824743432994,1.3246113530228956,-1.460800102381801,0.03410191132703589,-1.5909115290387288,1.6836509878432044,-1.1625265388051018,0
0.3227831157722205,-1.5679530872422345,0.8708002861370563,1.0847656076321182,0.017584076673148333,-0.06580361912932103,0.8109592597171038,-0.6096047433446972,1.0888612869094294,0.2965281029935159,-1.5730359036633488,1.8466895823557894,0.18401166993025858,-0.3381981266635011,0.1653688604634072,-0.7183937477576227,-0.1528850346756565,0.7893333642639807,0.6876953098990521,0.6196948446971173,-0.6010313415069014,-0.8607990994102593,0.3878925620844304,0.7707797755440072,-0.732603173315302,-0.22779085915863706,0.392484046371468,-0.09575115021558658,1.1571997101535914,-1.3079505075474138,0
-1.452988518161838,1.095868346940452,0.6171088791898982,0.09053167911946298,-0.3338959040576478,0.4706680890698638,0.18885707523428846,0.29945432214811074,-0.0675972927842098,0.5350843587350177,0.9183479373398384,0.9039464428273196,0.45725769461268856,-0.0036889152169110664,0.44451482516974117,1.1950447304380067,-0.1544846126505129,-0.272465575214916,0.49357597588499097,0.7383126015710145,-0.10049505833542356,0.4505094464299584,-0.8403204964598553,-0.010964674404728193,1.5529365427746518,0.6077245578115411,-0.6470344336026524,-0.5131425423050362,-1.243500232497018,1.62349387840719,0
-0.9945834502780445,-2.5290284600712103,-1.406570667050213,0.05300782152619058,-0.7170152268568545,0.1293545241617499,0.341511215146419,-0.6239844830488908,-0.9197080223956361,0.9108734057567578,0.29840621087912866,-2.676052129069566,-1.5372082545621018,-1.7927900237854906,-0.15948221063650211,0.2028175607239981,-0.1714971747220723,-0.628412147912449,1.0219364109026277,0.32048890409131164,-0.9121194263679725,-0.8471600906729024,-0.7621729546030264,-0.3474264290608149,0.03518491237475848,0.4133850290197292,-0.8233274264372148,-1.3563647334498086,0.39349277313568054,0.8289050472023852,0
1.710155856958343,0.4047475709404224,-0.7299335332163406,0.6106619599080008,-0.15083379626008453,-1.3452250002716952,-0.04846276611232715,0.28261378053352243,1.433577450971605,0.07134660828376717,-0.8153369684090584,-1.8869126768296238,-1.2290884342018353,-0.9702289687292994,1.6662524941937813,-0.19097584088062597,-0.08959920273602211,1.1011907041777844,0.6026373358694237,-0.2620792168091862,1.1464690048552986,-0.6840098607202805,0.28366264470729385,-1.255258536786393,0.26021126079981505,1.0177424442212677,0.8713015732160868,0.9021456794326984,2.8877725433908035,-0.26756619560842343,1
-0.9037463309369962,0.45604439939424035,-0.8803317910564895,-1.1329101798752736,-0.2524021076556499,1.9802786638002872,0.6890336022201643,0.38049397131019935,-1.6727803434868553,-0.6229219106455948,1.4325599526769452,-0.2699683327173004,2.1949390721752278,0.44804839282363756,-0.15046501293160344,-0.31397669976359593,-0.06505062795011655,-1.4518205856223532,0.9730617665538001,0.4416981758111649,-0.2561927723504743,-0.11151095185882313,0.8097901555190691,2.029766442557592,1.5315724738693879,0.18575675141648096,-0.8226100871514008,-1.5333104349171363,0.12269421793228358,-0.7832370989558726,1
0.15519812951993345,0.2906483652457125,0.7169266799645222,-1.1715306513849515,-0.88713444169474,-0.31418871427588463,0.26050075212406276,0.201583429064659,2.5780725201849184,-2.25926115478123,1.110234391578605,1.0587196053253212,-0.9152986974614754,-0.47232121545564326,1.7615744041664512,-0.622166664049305,-0.6055499366044886,0.11993380906811242,0.5123452260786183,0.9975599833077882,1.040681509452708,0.7818509271789085,-1.9080181713581639,-0.041344472532133254,0.6648692318804273,0.6847516723475225,-0.7099678850647784,-1.0226785051469178,-1.091557527734145,0.4655275043398843,0
1.0072560963351789,0.14187411184731685,-1.0699263079682186,0.1796044320482452,-0.9518845740773092,-0.7369861016978553,-0.36861577806055107,-0.7985215124103185,-1.130217731611557,1.5493721457715501,-1.887852963202647,-0.5915794750354468,-0.2157818868398182,1.227962486937219,0.2946670817290846,-0.2815441678404793,-0.7411914135550268,1.1472720546434503,-0.806624774699258,0.21114965903254881,-0.1693933897124474,0.4800533521407504,1.5711077060089187,0.7054948719797834,-0.1289169660877955,1.6757065807123532,1.579814847709948,1.1395214363305437,0.2820357541828921,-0.7711096327062624,0
-2.3660401705614444,0.21143701988507013,0.7739935683092658,-1.3371184422429074,0.41548470211586497,-0.44543394254551305,0.5102502869708234,-0.6165494144817653,-0.7260540793446988,-0.061086097980565836,-1.1763855342698133,0.9615647876302861,0.020241883197045566,-1.1445803189890948,-0.6155797987224887,0.5902236705937242,-0.30143339204513614,0.709917676365006,-0.9951227249356833,-0.2797164358393829,-0.07220298813349416,2.2269063242494407,-0.72795265108578,0.6265342299634824,0.47146404695877103,1.7477996339812456,1.3595751389680804,-0.46255850100258283,-1.0493053884994032,-1.415750025407499,0
0.2359734811451239,1.0138074743776027,1.1438144125437255,-0.2610930615752763,0.04437454687612936,1.4260504405940286,-0.7631957158928638,-2.4753290172588582,1.1531978855785636,-1.1603692517328656,-0.29058598010949444,0.4565910778474429,-0.4621803072685507,1.0803386894104277,2.6713273382956286,-0.807044929279706,0.13389137824215758,0.004987642528552326,0.3128038223722726,-0.6034025062626396,-0.6501857142742181,-0.6265171059534259,-0.46146264087502725,-0.44564869133835516,-2.505217513529392,0.08861420655610029,-0.3011936290959692,-0.7184427973637759,0.0930350000976605,-0.005493871847466602,0
-0.39767233078645126,0.008772560773491435,-0.581894048268457,-1.1689950280145154,1.9610832273738836,-0.4959371468792039,0.265541674557667,2.596460022756423,-0.4136972294690056,0.46019926532684174,2.3266913970395477,-1.6499558896675122,1.333822433554205,0.22212415864050963,-0.5051798611679679,0.048478061684763527,-0.36183620542415457,1.5762524743012607,-0.01601055937843904,0.6978208201160033,-0.528905118902643,0.29237108594609884,-0.38280701029855496,-1.4199182868099776,1.308407866242567,0.34812408619433083,0.771224844916766,-0.728419250165223,1.1847134994495476,0.46783296940680974,0
0.15023207504828526,1.0292704807519366,-0.32924867260517576,1.2947319477082078,-0.6622521060389125,0.03327407780828618,-0.9365001257944336,-1.148217644671523,-0.4657607582629712,-0.16088828831314414,0.5517778499983483,-0.6430485777206744,0.586907955290429,-0.319948392960392,-0.49407024548604944,0.6294419418704132,-0.5444380975551102,1.8252049290592334,0.43233191735119614,-1.3675965882693981,-0.11919145499543977,-0.6472118540715098,-1.6412936456163785,1.0578801867339052,1.0809015311930457,-0.7247644914387639,0.7106224932298439,0.8769667230895998,-0.012645271153755973,0.9522802577829893,1
0.2945132672316081,1.145443922297682,-1.172471792297151,0.14796848170468302,0.2015319411011923,-1.1564875790112483,-1.0608493257944367,-1.5840502255987388,0.045202920698246545,-0.4403434760369145,-1.2907646180206456,1.2172587330151854,0.40030321567054833,-0.7245493245340033,0.20324195977036152,-0.23798274304663447,-1.5623858617109596,0.27386476188233516,1.6398577954585216,1.4120073502528796,0.10338248903281078,-0.43599062513826076,0.5628655346430415,0.2665428008025302,-0.13861210287754916,1.8601244502665952,-0.396106772645351,0.9571187706262297,0.14385852470922347,0.1486868061917124,0
-1.6509268833441948,1.1014172499573376,0.8367551108434771,0.1880190768066168,1.0347991566353412,0.4155460826565194,-1.2974038004659225,-0.9705942257049249,-0.06061520465450247,-1.6914520369560413,1.1224337766779682,-0.21555014366012745,0.13693017051918183,-0.9814890655011062,0.6464973863074234,-0.14271419047815112,-0.3260819022881477,1.410953254910354,1.3094328613533064,0.7497169846052106,0.2090549633301127,-0.5160898478855201,-0.28882829525232157,-0.33475277112728635,0.39217058633931984,-0.03172718357391597,-0.006801245592034383,1.5408891410345524,1.1437223653649964,-0.7811939160900758,1
0.29697700288152046,-0.7757293723637559,0.6027049347863913,1.9292078842589073,-0.356059595364963,0.7905977688979997,1.613558974199269,-0.1362322244068716,0.494302577260492,1.7148320548326406,-0.9360606770741414,-1.0366760714840277,-1.2442645789417321,0.7549538645364824,-1.0131376819625846,0.5598479877702571,1.359614254304253,-0.6618780436288833,-0.7620839382571035,0.6699203467988049,0.04786070632372563,-2.362898228241814,1.5318764355743195,0.5519979044707102,-0.38036689609919583,-0.4208703503324796,0.7002711701658199,-0.04487905609352203,0.05724894697289047,0.15070960572705375,1
-0.8190506461092992,-0.36075063228961224,-0.1883254737030145,-0.7606383356094966,0.2747245974451209,0.48433032958550104,1.6864950379953598,-0.7609728479910343,0.8904570950769944,1.4249305256688216,0.9495887749491169,-0.4980693348338655,-0.30927359743539967,1.5179313755318298,-0.1864897374101233,-0.030127174401289415,-0.48670818426376244,0.7738183584097453,-2.460810747640971,-0.8100061328911903,-0.9798952544123972,1.588384404505879,0.2322135167597995,-0.20175286682967722,-0.20401263721972981,-1.3815618997728534,1.3561950468632673,-0.3513670590829952,0.593117054999718,-0.6565107573138006,1
-0.05996177466357931,-0.9188716753705424,-0.24804203618568435,1.040782375387912,0.10582156746072494,0.37412456361244806,0.06265138149444867,1.6311575320720548,-0.8165394413496881,-0.13809875109817896,0.1879079318013118,-0.9959663782393456,0.1264637924566029,0.029644992581583884,0.11391215782193191,0.11829569414533575,-0.671599099701508,-1.624573723401191,0.18308164426398416,-0.8933780277828067,-0.09244497255400479,-0.7484424249220331,-1.4807574203176104,0.3606341407562071,0.7003498661218579,1.1032884316649416,-0.44705093473239327,0.03969000248568295,0.34062479413653907,1.021222258015597,1
-1.7500729846554466,-1.4687196944342036,1.3882858516515248,-1.6850646421912148,0.917369320315936,1.3310113628853906,0.8034016317376579,-1.0032236903543732,-0.8918084906698056,-0.057583619770633226,1.7514992191536067,1.74338319268152,0.298933297742948,-1.594387358885408,0.16230937780392782,-0.20774954648434038,0.022745947167672295,-1.6564305690921908,0.2438358080450716,-1.503312204728526,-2.529981225599329,0.2244025960315867,1.9186269025597664,-0.8356350337659969,-0.4727821828689268,0.8957496851940812,1.1626350727527088,0.1055224946005526,-0.7084158118922326,1.3261170820046713,0
-1.2302581998733817,-0.5211639143300444,0.5882801552991136,-1.568686694876045,0.3883364996955467,1.1386197922088794,1.6765393408676847,-0.3900683209881071,-0.4401457490628929,0.7149600462817199,-0.6178037552811402,-0.308734085776225,0.32210413504863106,0.37230056268193007,-1.907115429385745,-1.1664074657651753,-1.833013270306297,-1.6677738761226244,-1.1187103885783365,-0.2222640176576017,-0.1254711555801859,-2.151758791422371,-0.9331745070525849,-1.5182037753182558,-0.2002307661706156,-0.6562596395038739,1.2585348931188247,-0.1394668084096735,-0.6069956749729924,-0.2622895852530895,1
-0.6436407483952628,1.3414421373211318,-0.3352469986437011,0.45604735407560065,0.789665331272836,-0.6609756042217863,-1.8036372020334963,-0.48070797605541143,0.6372999778128802,-1.6954867556701014,0.25280783839586646,0.8397323244348194,1.3916135788437045,0.6778211576268869,0.2927022064046795,0.18607993961871655,-1.2079135594093722,-0.9465511636952187,-1.7322214949619044,0.07194465851935937,0.4407210537898107,0.11770828832249729,0.28367787708846814,0.7596659882289413,-1.3271144924495215,0.06284542501864758,0.24650389754450366,-0.46891273935748334,-2.1257488591596383,-1.024199742011744,1
-0.5082673808829938,0.14959722822973187,0.033457344958073516,1.9233193765733136,0.9436713690786407,-0.023019795260753487,0.12117985112498489,1.2706771406128914,1.3090821043398007,0.334094400656642,1.7333128343650999,-0.8979959967682313,-0.028851266962718523,3.166240330025001,0.7102825356635272,-0.14096563917356797,0.10393672369166429,0.17964375045593167,1.6699389211182365,0.8041983993928284,-0.07871967356912589,-1.6760304159488348,-0.7266932158487,0.060065420312046564,-0.12960508950213828,1.0958623086097354,-0.23135303614809707,0.838669236209474,-1.472074585028161,-0.524483445955844,0
0.6946795936946493,2.067286071939644,-0.14201512061606647,0.8287924773238373,1.3361462232297574,0.9532016635553578,0.7482733618272602,-0.3539598742947717,1.5194796865809692,-1.3180335538640402,-1.2669372404267158,1.8673959709337478,0.3616198991106001,-1.2379799735024741,-1.4336079045281167,-1.475786156249794,2.0343564534062026,-0.08124499186908556,-0.5173053574058546,1.628782449807853,0.2512763366312826,-0.3274264604072413,1.0608732070092852,0.5977082880803544,0.6004576451326006,-0.27021774426254186,-0.8953428750263762,-1.0104690426385499,0.10290933397545483,0.007526888946156536,0
0.4828083806088357,-0.4248197551793991,1.2803067298365276,-1.325543203874701,0.4180488296599321,-0.9094811878239031,-0.2431705982611764,-0.9207362567547795,-0.3676377738203315,-1.0702905580490825,-1.0008329154836073,0.9637643072664599,-1.389430592921911,0.6499578602702106,0.8518305577622939,0.7304142236074092,-0.026629619796355218,-1.0920842662876635,-1.5452183074138544,-1.1800748063111668,-1.1738206882583389,0.2750008883245601,-1.415532480942703,-0.20672846678652132,0.04016987338448633,-0.3030644219544921,-0.27053725645415666,1.2763690601328839,0.49971175034596405,0.7030430136780257,0
-0.37161179407984274,0.7845265711059883,0.3037025888157414,0.21017669152017324,-0.3913647466951222,0.23679613845728809,2.108308077176256,0.6035664774013942,1.7091117306765744,-1.8869458706254052,0.07230091118804578,0.8209723493685518,0.3866796421329992,0.5150200693575328,-0.38874653339461884,1.2112993706336324,-1.6007721973231333,-0.14959353912159318,0.12419879969265778,-0.5728095373354719,0.02793718131342152,-1.9647490213638317,-1.2963947950348909,1.2702392383694923,0.24341139519841964,-0.3788004875838298,0.9797574519583778,1.3871846900636426,1.8097286493420683,-1.886958573163237,0
1.38286947923023,-1.1609656967895743,0.30165500440936893,0.6113283782592098,1.6088781416258517,0.4692881851870743,0.27898909064930744,-0.8377950441942328,-1.6876556716036568,-0.8638884623757134,1.406600587374327,0.03281173637524916,1.6612499639716258,-0.7174275984950481,0.7853752411244684,0.16776397793193776,1.295257805373053,-0.22331754014850652,-0.12750167878938862,1.2171181698570235,-2.0896268936030866,-0.14313513731289496,-1.6610752837488294,-0.029461180030092803,-0.4203979273991627,0.6022493659335569,0.46621982175808335,-0.2856018729278986,-0.9617310402783119,0.07832991691967052,0
1.305044167984512,-0.980278010902572,-1.5032537080912025,-1.843180654013668,-1.5346429219370377,-0.007255053620050074,-1.405406264480042,-0.3749555271568001,0.4616359635074452,-2.1285623870426122,0.986822597841442,1.4274483844791623,1.8645863055531424,1.4740560547810504,2.4127025186231785,0.2300538290994121,0.8060037414992273,-0.25117765840622375,0.6627890365330533,0.13747959594893935,-1.6629953080318436,-1.5042819845467386,1.808990786623996,0.15514347465305772,1.420326948933336,-0.5667772073953511,-0.8924617642678582,-0.08581776087969421,0.7851820420804075,1.3920848609037175,0
0.18622514888611547,0.6536542654668639,-0.14365016964114782,1.4558233265945553,1.4710288201349022,-0.7852480071875445,0.3830757520149132,-0.9955764331973889,0.8162695926156395,-0.394359928219677,-0.7972784038363496,-2.0400098210460413,1.0830004884199163,0.1928096475963041,0.2510745626081328,0.8318094066758792,-0.7618321005805239,-0.9182055395078226,0.5493088461449587,1.1581159477204623,0.532113513101922,1.602772567685731,0.5643931409778138,0.5098536221776314,0.8222245928361308,-0.2319331271636046,-1.2424848108162647,0.01901016747938362,0.7138488543530799,-0.8594753741231255,0
-1.406064578912958,-0.7259912722048328,1.3353502926378094,0.49565033994845714,-0.12598214152873505,-0.9676953177351979,0.27530066233998035,0.1851601892933854,0.4562556967336885,2.5041606013362703,0.4938703171694559,-0.6940741551495159,-1.3850786056093392,-0.5595329520109893,-0.4569082680898224,0.8287786054379555,-0.618154150353052,-0.9918714766868608,0.5380417386132964,-0.6189094076219022,0.5765585410931604,-0.84601819940258,-0.47193484408199793,-0.5819566031657243,0.41132213106169363,-0.14392516996526744,-1.2216871462350753,-1.305342963737209,-0.31594674971253045,-1.4154398862814281,1
-0.414212043355883,0.256384258385135,-1.1824720183118467,0.8484188759445344,1.3835918667784146,1.0834828042331572,0.66881347443583,0.4218339453320935,0.23988012462349206,0.36993307322502894,-0.6049780345240734,-0.02508711905378481,0.14860419812734485,0.6410504073140777,-1.590082533020513,0.21100850347122332,1.061951663260016,-0.6025129725730825,-0.10945661916338581,-1.863485961305221,0.06638016544517236,-1.4886623889190296,-0.5533563078228284,-0.0488439785859745,-0.6068180127298801,-0.16402055756263767,0.3732984708643626,-0.0383849796417854,0.14124791236678186,-1.8697000336263236,1
-0.15765157337183036,-2.2202605217862765,-0.39589436482684687,1.8411831577883153,0.9364837773204512,-1.4275932282498294,-0.5431461011964892,-0.17596757505500202,0.5064874758061941,0.8505973109745194,1.629395011775506,-0.9544612981676078,0.2179830976515958,-1.763190252994411,0.40980014144207266,0.49266286145064925,0.020049301792931625,0.6535740742378521,-0.8611741999383864,-1.3195370837889189,-0.950697221727896,0.37002960362056175,1.3105263133846283,-0.8585009029768136,-0.6834082899492814,0.11526525623230446,3.4462126889539886,-0.44765375843795996,0.9640478176370783,-0.1785304313410443,1
-0.5403331812241879,-1.3293743207756938,-0.3039516791052054,0.8492713568826662,-0.8698498902873654,0.09634443725151533,-0.8537594770105177,-0.4176353444278857,-1.5144343310057,2.3182408395878604,0.3064365062915613,-0.32643767495231046,1.290762322362875,-0.09048606634174608,0.45912437267481554,1.5624934951166989,1.4737140901981223,-1.1435651118014327,0.012696278748582692,1.2770809923004092,-1.081340614562169,-0.2577855936963653,-0.2942677963507525,0.5010944716047825,0.8025214592723162,1.1500645392264928,0.0826542142199998,-1.0407540904856132,-0.35459953322600596,-1.0577707039153748,1
-0.682113511685359,0.7089411804307385,-1.4350562682283512,-0.5527898915643635,0.890794563241864,0.68453952467776,-0.8023248755346906,-0.8998316967532202,1.5754278599998315,0.37478904786291123,-0.8128909253400184,-0.04108377056633215,1.0864811470797717,-0.8940396051133135,-0.9148654675037827,0.2206125609419225,-1.35226882460491,-0.6732568312238818,-0.43502400369960076,-2.6569383815566074,0.08312847203478134,0.6125361588238977,1.9502435525029382,0.5967196712790435,-1.0260880942281627,-0.4518533821354335,1.861181086134195,0.45388185263392117,1.048131998238028,-0.5733764907408058,0
-0.2161315770101396,-0.0689793194746954,0.9203469612052168,-0.42847107018857816,0.6027084819823243,-0.0006884334453724338,-1.2131283781124527,-0.002879562024639831,1.104233479763447,0.006102007933898583,-0.3286420579012764,1.4237182287397188,0.38989085776062693,-1.3816230422808087,-0.28885552325364766,0.2678592666467479,0.23533459909579046,0.5109621754024164,-0.16132996641823105,-0.2118817612000757,0.014080821021767678,0.7944830512045034,-0.6844065019100528,-0.07206061993402822,0.24794133978337674,-0.5381397847362733,0.46239518568973037,0.34891176847269084,-2.0688472876454416,0.03391089046291308,0
1.4172583755621522,1.496448746707028,0.6824767395377004,1.27000983812821,-0.15299215514597997,0.5695364369042587,0.1638290546638534,0.6686957165798787,1.8448254322589095,1.0023184486091585,-0.34248139870352967,1.5803440393625419,0.24796166463852218,0.6518261455840944,-0.2360789276078795,0.7373717119458688,0.39897707041712965,1.1316931878940617,-0.5023679248689965,0.9506270673291023,-2.438714451835438,-0.615927430865905,-1.3453296878771988,0.3374102006770964,0.961366982736416,-0.009182905109177537,1.3557200613703024,-0.7743466860006741,-1.4014437324199782,0.7231452049175311,0
1.170431310477749,0.10544562870883332,1.8221977716429858,0.5083866575937769,0.39768637074014734,-0.43032055815141984,-1.3031815770386146,-0.2667084389968811,1.5808979193364259,0.19091667410561233,-0.3912225597424355,-0.9049969479975731,0.5387939063272748,-1.12499924259311,0.356966653470312,-0.4611875392177439,-0.2606616607217148,0.6421199389623429,-0.9499319953924679,0.006536083569018939,-1.5272005690743609,-0.11305679283821429,0.4969906531064166,0.7913984396218451,1.1342579628619125,0.6585729275665638,-0.4067892308797614,-1.810378303801762,0.9906569083979919,-0.5245984977360418,1
-1.4466165809194151,1.8715625760989842,-0.06055271853358616,0.4889725069498272,0.22811588569953956,-0.014413612951964078,-0.38701987665871496,-0.5837892094820953,2.225489509191088,-1.4575952083892307,-0.4330421768900212,-0.8902758997815937,0.5178074337351447,-0.4139786130774661,-0.49897011412458087,0.641772591432472,1.93512185199099,-0.8304120736040216,-1.5513338111275994,0.06253700702587076,0.837612572182089,-0.2152991374979734,0.6328888086253242,-0.5482556342441403,2.391875564012117,0.6142694771512651,-0.4844667426350817,-0.7520238654422171,0.2703747741827818,0.6737989072115628,1
-1.307651629572059,0.011120083669989556,0.7428650721078209,0.3337540569591102,0.6239188545209831,1.4909169555271975,-3.1093891456907947,0.21841038574197344,-2.3514030249486453,-0.04506318610952275,1.2990981541322906,-0.12859315635539398,-0.9344315150445587,0.8255722742768768,0.13984553767881316,0.1890943411137453,2.1574197783860236,-1.507019169685841,-0.6363576148732046,0.37611094715170945,1.2190024884547859,-0.9604638800152371,-0.41086331787459085,-0.06846370532571999,-0.1521412428741382,0.6974730407636142,-0.050153042591320585,0.6495881150617602,-1.2028870726160217,0.14465185670023567,1
0.03457400475433288,0.8436786571493455,2.5198043983747707,0.9562893439353479,-0.7035424920686948,0.6332658563914394,-0.05017816840619559,-0.33870041060557626,-0.5288740154583662,-0.5819821289725634,-1.1443934662091106,-1.2954617204864778,0.6550328517221172,-0.35628290765178283,0.18206576139090233,-0.8698042181759919,0.5790601342438184,-0.7036510977926601,-1.338878155963667,1.5681200788540233,0.20774525128747948,-0.3122221395527313,-0.19216490988577078,-0.3592314884792306,0.49323837344509935,-1.5474270666367482,-1.80522007221734,0.11255566717165615,-1.7425300793703973,-1.9065995458364409,1
0.9029450514094005,0.16678486126787584,0.18028102736483326,-1.118829634961702,1.390161887476424,1.005951088533208,-1.3591238447171716,-0.10875550086746562,-0.40960698286393504,-0.0446395315051851,1.0876695422047336,-0.3808866416494973,0.9837241242130794,-1.7305624940600692,-0.6151539883674827,-0.40174441512743303,-0.5405644206022665,0.024362556772671577,0.15790618356525643,0.2304259322717072,0.886258719655517,0.7334569000757626,-1.5020719564565927,0.14991833881509736,-0.6120557351728594,0.8196163683052283,1.2955341300239152,0.8416205155569154,1.9060308906292205,0.7530458184619588,1
0.998897148334731,-0.7940418342622515,-0.024878502804494686,0.6899199030049185,0.288556965834214,-0.9135574509969037,-0.9235119524062692,-1.8104714811225788,0.372058910728122,-1.0304348427163827,0.6716639904628074,0.7241229093718254,0.2218233941329556,0.3949230567432217,1.0185420710350734,1.1500572706739287,-2.230660758893902,0.7052170091465112,0.48702589646802713,0.2959165902494634,0.47303701491885586,-0.31550255768053953,-2.397229791465291,-0.6055982161564918,-1.8281227485875504,-1.6518324728062674,1.0695964498397992,-0.544672165391439,0.2688186191862958,0.004377760714819915,1
1.33882988906354,0.07470952540104091,-0.5975479522662128,1.4809007226469588,-0.4987613360883083,0.41723699874939607,0.4977043427544463,-1.2419968127390724,0.9204702591502153,1.3539587588486897,-1.133705580240891,0.02954388332506125,1.3398778255035362,-1.6253602058454015,0.6285651353416882,-1.2491858607381112,-0.31950251740983376,-0.21111460071341154,-1.1781347400086253,-0.9106996000656511,-0.07267065996798966,1.3767893089433385,0.4809802402209044,-1.6391566736325973,0.46570850749079,0.041006891444182285,-0.6330659565085154,-0.4372472996770755,0.49755422648712344,-1.5719994672742017,0
-0.6469428535007856,-1.145452869949579,-0.7991627238843798,0.32934797932036664,0.04876332983608497,0.6711889965492771,-2.253546470327464,-0.26990914391988463,-0.10692140795029538,-1.6382570399036545,-0.6883807229703574,-0.02128921727339721,0.3207180420447431,0.3473389708674699,-1.9711887682977267,-0.6302414007380086,-1.529625698507606,-0.005864358372349579,-0.431027195032002,-0.6253114375287618,3.1671766187262396,-1.0518340955200567,-0.016515530262732257,0.47857952478672816,0.3578911594071411,0.5784317841887977,0.3553528782044991,-0.3303560576107674,0.011044804689523301,-0.6560107531481216,0
-0.7420618146384489,-1.3182443919012614,0.7875655093500449,1.1038433586043412,-0.587195710177674,-0.07748099755869926,1.5997897468154707,1.1218805229882207,0.891060545300959,0.2693327823429361,-0.627847890143966,-0.5153656613516251,0.2352169846559659,0.43852985312784193,-0.968884788147303,1.246129489447437,1.407521033509638,0.7939166109634321,1.5035394350315254,0.6382520030108457,0.27415188436025134,0.051215447671723154,-0.3169411924167213,-0.005198602660839161,-1.040860209931801,-0.08360131449227012,-1.168347993925107,-0.8008210065321013,1.228551603830709,1.1821687660826716,1
-0.837232511548351,0.8701042916960302,-0.5883763101303093,-0.6638661239752205,1.3923058629820968,-1.094384874139092,-1.787306258091533,-0.6655051483155571,-0.6019356511893119,-0.373096220905028,-1.7207137061047537,0.35126604201431433,1.8964213369641447,0.30161247540205705,-0.22125645590365595,0.6681575108680201,0.07492364221950949,0.05709741290578903,-0.08231395485533842,0.21756174832188852,-0.4108007183815491,-1.6282727975851523,1.8487466994093749,0.5299810646207519,-0.7015656176624815,0.35115307263331913,-1.1299778528584052,0.38042598041866016,0.7425250888468161,1.032941117939538,1
0.5687974934254327,-0.1899493276959362,1.024226556727277,-0.5520102797798705,0.2982515820638787,-0.7295072262074672,0.22977255281996475,1.494149433067112,0.7728528745312819,0.9220594694808613,1.1136978208207875,-0.0701372615192424,-0.8730244296247867,-1.8535922877314206,-1.0840314848347046,0.11700633317846916,-2.0328989599370373,0.17704457109985927,0.4939039278362814,-1.5641811367153517,0.8792336531722351,-0.42142207864055803,-1.6353152302447909,-1.6928255383377835,-0.05563713974578427,0.08481300911338782,-0.014773017278073822,1.0369759609618865,0.062076342029013395,-0.5804114960481005,1
-0.32048518999194847,1.0815288063629707,-1.1205732582439996,0.15901937783732562,0.2050602387879827,1.0228331426889599,0.11169119558049084,-0.956574233712031,0.1921788502679818,0.7193224931427815,0.13976502821733824,1.0963904282357815,-1.3067624588555449,-0.1575805670823824,0.006005153453392333,0.7724212546928902,0.8994912646430048,0.02423124664593651,-0.3608695175804255,0.18811141347368182,-1.1406188277732965,-0.48928111485426634,0.5699771832960611,0.35357811734775735,-0.6622815738441232,-0.781864435729939,-0.7994197195592044,-0.7305286401758491,0.14727720264756677,1.2011819827429875,0
1.3220803611020526,-0.9218673190013094,0.32995333700852836,0.2817267442627531,0.2118247909355017,-0.976808812709715,-0.74218521102612,0.3448830645795541,-0.38480889136790886,0.09053795600620022,-1.0136159757759686,-0.4896166253999076,-1.3339399704605595,0.26430523557854907,-0.34817375841583614,0.2657287116364769,-0.36660979388219933,0.23566364291162106,1.8051524653482471,-0.5237769363848898,0.49144626723388796,-0.6592994759046553,-0.1320468491561393,0.47292363998125336,0.2832455891741015,0.6908214963866267,0.9564360123486022,0.6647938331894881,0.9202405409772859,0.2130039322963296,1
-0.7285910888435976,0.8006523588146583,-0.38139717860167816,0.6939107397732474,-1.2550373421062155,-0.35577370324217833,-0.6912001214621752,0.39246260028843,-0.5771047392916794,-0.015231106433889705,-0.14533141924440535,1.0265573294469015,0.47084822884136934,0.2897239480695349,0.020343771358244618,-0.7670889811601156,-0.8767017455417173,0.27723698281903525,-1.4140697320420332,-0.03762780857325906,0.10730913315725121,-1.4106666929034346,-0.05618551245953232,0.006267810237890802,2.078698938802868,0.009420088901353374,0.8751920497688268,0.4465303239331874,0.25796357642668133,0.8299845352144328,0
-1.4432797841384826,-0.0886180029855482,0.281347106204637,-0.9625111322847182,-0.046712871857719884,0.0940603374269895,-0.1687021078398093,-0.8875022691110559,-0.7537835871282407,-0.3206591209929543,0.38462562870695777,0.09509375044816686,0.1992655435340448,-0.23122206400899228,-0.840410495331674,-0.30685399670780866,-0.8328167052016067,-3.0279271882517316,-0.013546029915480139,-0.2602728624405839,1.2365356867767916,0.6890379122800859,0.47616894389666986,-0.9995077208217251,1.0196611607210073,0.14122658543607808,-0.357119838521691,-0.7828614255712375,-0.6549444765558228,-0.2565593120520753,1
-1.0267142015326736,0.038325402192229914,-0.16521101376752115,0.6865981930738061,-0.1492189854468534,-1.8209510315422894,-0.3095334934548474,-1.1290859374121258,-0.5966310609900163,-0.9438816423848045,2.090126946409107,-0.33984703853377385,0.7175836396669507,-0.30637046555306874,-0.22685599685333416,-0.4752223762493017,-0.6960597392559907,-0.6748193732094033,0.3744717990104335,-0.05987275008471035,1.3291420609729205,-0.22021682325148387,-0.2762605456016695,0.04067710311783382,0.6058545279621201,0.11602191222892805,1.345725534318427,2.5779808038006657,0.8192320161039998,0.3760010080936441,1
-2.0008527223797383,1.3848091472626187,1.2272868596168338,1.5346055594313794,0.7962970860222228,-0.9492455414240081,-0.9652071034252478,-1.0904620407059926,0.08036947827481607,-0.7010602278306965,0.859002624100746,-0.5718033016208341,-0.32580348231072986,0.2643440220294713,-0.4781076171822717,-0.9081070107775138,-1.8129582610830242,0.9307874401567129,-0.9211744024076628,-0.38323233781221683,-0.3709966066837911,-2.06101163508246,0.2868703540887832,1.4049953756438758,0.9595764868757811,-0.3761194262334646,1.0545683741117422,-1.733867186479911,0.8321726883498,-0.7310587405578641,1
0.968097163283984,0.035603728674214935,-1.2041627962930026,0.24714957974858315,0.0009503730461772184,0.2383004925791226,-0.802013431949709,-1.1711522727733628,0.6136179630021785,-0.06712818543405892,0.572665545243377,0.5545525504588814,0.7079504121318752,1.6185057318876157,0.1992530479237679,-0.9971845120024523,-0.7736869506584741,-0.2901552034469617,0.21126762596699988,1.378966816294452,-0.1404793743494502,1.6794195993597743,1.7677650657751793,0.43054755245611714,0.6299664682594711,-0.45934499262305956,1.6805374612951067,-0.6371992810223964,1.201969621281715,-1.0324560385983816,0
0.6401502188913986,1.1143780896039068,0.9084204801603347,-0.4670020137729479,-0.26958590593379117,1.5381768943182805,-0.5058089452579683,-0.4716153635508422,1.5044891756472003,-0.06266275872865347,-0.0551775203979359,1.8387488076923215,-0.6452956544112014,-0.7314191403346022,0.17922700827986415,0.03241050422629839,-0.778382313611214,0.8060306677553036,0.01528013898967982,0.06491489761078105,-0.004072737944741027,-1.0460545013454412,-0.8171139304092054,-1.5820934411275624,1.1389320166681791,0.0017076962462399417,0.99477298832318,-0.45023301983027875,1.1481207754855365,-1.6168045440132295,0
0.9720529027045292,-0.0780114291561578,-1.3855158548425097,-2.822519908037266,0.5017052947150523,0.9896832401822568,0.06196755090327676,0.6031231376286414,0.4463984516656302,0.05550546905436414,0.9592375212866513,-1.4774813194087528,0.09845295064843738,0.6827641358892327,-0.4460429507423636,0.2557849793536304,-1.1770500427640378,0.07556723549167225,-0.7209760726105021,-0.517173751365949,0.5717529454638715,-1.7615326519010999,-1.0907971599890818,0.7248389916308211,-0.15683560933497928,-0.7346595754864375,0.450488380355083,-1.107340630085756,-1.1396091868666356,-0.20799459645195842,1
-0.1384472731192916,-0.7427213853432493,-0.26382307652377324,1.3332098073307845,-0.036180357083012066,-1.1501086138262233,0.024350845623759425,-2.119358451034903,1.612003059450578,-1.1866128118470887,0.20640625964635814,0.1621671481253467,-0.7807318260638694,1.299398381519198,2.057618801880399,-0.7480928699347326,0.7112274703272263,-0.9876232757611255,1.3213758640676379,1.264823437328157,1.0094030330216504,-1.656448724173664,-0.542570753079859,-0.5285197474774944,-0.5958912489555428,1.3285424480094659,-1.8111218249598218,0.3897266087646892,0.7441939417096846,-0.7023881309915727,0
0.5048879017931738,0.44167425713173475,-0.27172489333885746,1.0867884653784767,-0.5431305903350775,1.0892087519223494,0.13185980743037576,-0.3116386265692009,-0.2238335386231365,-1.3885399186467982,-0.36209794586981076,-1.122146570510559,0.26475737355704454,0.9005234737967713,0.4569817856994744,-0.7130518594481509,-0.26534895439403217,0.2766722130251434,0.32947807841756305,1.6371354417903032,0.6233430240447189,0.14803746088490083,0.10421222644638445,-0.3479804426932808,0.00015806388773092464,0.7170750237684781,-0.7067957403801142,0.41036848133186477,-0.1088569437398773,1.7177830820416229,1
0.29527290300025394,0.32771520937453336,-0.8561604634840085,1.4643134118327024,0.5069722984256018,1.3642537617812318,-0.18401001549595616,-0.0016403135369192428,-1.3705735404342378,1.8448058653363937,0.3693966293562307,1.8557123544605079,-0.3492270126308773,0.47184708617350163,0.9927660033826496,0.32982069852267654,-0.3327744179460228,-0.4746339470649329,-0.3470051842189429,2.670400963359257,-0.6214962548819873,-1.986395243105552,0.03723701816770083,0.024650001729846518,-0.3148511100444157,-0.6207670064879324,-0.27386994044764545,-1.3196864108378712,1.7785064562442643,0.2450120787398817,0
0.1178805931048966,1.0511041357952924,2.709909212201477,-0.40178128725399487,0.30669769637970345,0.801937214330318,0.691063648871172,0.9047775932452475,0.9176181106571881,-0.41119313232404964,1.1952016720098622,-0.11205695701624815,0.2807205374038485,0.6147873268731163,-0.7111602543014526,0.433726875405089,0.6204505264438888,-1.8931363145275024,1.401653683723679,-0.8189163378709414,0.2730042727473378,1.529008669270547,0.6538860688084805,1.0403888907618377,1.1101537320307673,-0.49214342589588733,-1.0369524806353403,0.41520016781935476,0.7127165821895945,1.1036356527299505,0
0.7808215408095046,-0.4916956628582508,0.8797123224419349,-2.1016046205093897,1.272250632202381,-0.8893481273621182,-0.9106424427661107,2.4882687451724386,0.05707659330492121,-0.2554335252827658,-1.1531826051441887,0.4426285955570513,0.7932576803678738,-0.35117808952108664,-2.1478471253527878,1.6266182385736925,-0.28897750969878605,-0.3112523749078572,-0.035358116835441857,-0.8051362770087312,1.27384740291085,0.7264520222455539,0.48782102509486014,2.3114480744216963,-0.6973954009396408,1.2767651758285308,-2.223979288304988,0.6437616537147836,2.258335467801105,-1.0497755727369853,0
1.6439991291545928,-1.3827244843037179,2.07816616327702,-0.4605764496290504,-0.7405635671715177,-0.5355409101950728,0.03187305227672715,-0.15202585275663302,-0.0523487838120024,0.31613434979802746,0.23960068784866845,0.0062167911173014205,-0.44227133888666686,0.42836413766330617,0.37580427719979004,0.32882435759306006,-0.0017037077017008797,-0.6928869287033375,0.07394860795180278,-0.27757950967441425,-2.066231964498242,0.9993038614725769,0.25983215604157245,-0.020251452294749946,0.5247685537540155,-0.754877939826092,1.3594220988394738,1.2067123019694566,-1.162120504519092,-0.6323805236354194,1
0.6750964541544665,0.2467021612835781,-0.017634675906302917,0.43970538346180044,-1.871849926300769,-0.9217925178225952,-0.6019661865971558,0.7628546887390286,-2.153892478340099,0.18109309191930775,-0.3766981058516817,0.6512147406588071,0.8081258798568794,1.6981202543520066,-1.1737211295279242,-0.8214902830030635,0.048741676113091124,1.4100865513842635,0.43723933406882287,0.10546933314147192,1.2244210717927113,-0.3973248716542042,1.1695352719253802,1.7350570138460333,-0.15308417534290591,-1.5495791462877488,0.1456507171471653,1.6442806804701486,0.4935607265428241,-1.3758803607752477,1
1.270269378243795,0.7953965848950113,0.9996134845022515,1.1329422719341473,-0.5425370041954322,1.05855524894036,-0.6455365537089579,-1.1816356191352604,-0.8289098586400023,0.6927813385261014,-0.40914809030257915,1.4755805796759582,1.1144636612549748,0.6739552285386734,1.3800555266358139,-1.1750552412182487,0.9565400852745091,0.574214450031961,-1.273420971828121,-0.7200845491691122,-0.15873838441214708,-0.18736791336549705,-0.04109475299203428,-0.6194174713413295,1.4791390513893328,-1.2343907983899083,-1.204987337921062,-0.9425106715491086,-0.6353990311925045,-0.7134107585931809,0
1.6797007741026189,-0.6585450235637064,-0.12157615297512474,-1.262285955144948,-0.46919479207120207,0.6013705849974893,0.6804769885660393,0.9841614451531564,-0.9976385674627979,-0.6733751888737811,0.81762289747072,-0.024175209770042082,-0.06045620867566096,0.5901190639024275,0.9966452957288754,-0.6986291231802848,-0.1037017848600665,-0.11986175688605072,-0.9687495950993105,0.2996831797103422,-0.5391128159287498,-0.005198618269796025,0.6494749983450215,0.26858673427723306,-0.8870154613449865,0.20376115514975596,0.138756203799238,-0.5612290148690279,-0.8631501150281177,0.15398350733094482,1
-1.3972011080367222,-1.0679529121533147,-1.2833314570174392,-1.2119884053978982,-0.47887481018111366,1.062012989322223,0.6183345578612119,1.1231583904097304,-0.6107905281948162,-2.0110203816760035,-0.5973579254397511,1.1276474880362424,-0.39356343309121417,-0.02182521906455501,-0.21465866103497003,0.6973927457581137,0.8303812209071616,-1.549123937211822,-2.430199363280932,0.6548653796480081,-0.2126620878209649,0.6555231558635825,-0.28053183592306974,0.5208286979011637,-0.13528510971283125,-0.7195323589974093,-0.3965911046657334,-0.16846047422563631,0.611237955787595,-0.17161976998293615,0
-1.071890449570804,1.6647016221051392,0.3113560945533603,1.3610124166257045,-1.0925075501688801,-0.25359775399294376,0.19087082574420347,0.6579297685222464,-1.8874477556112623,-1.8577300651383186,-0.661355057319487,0.5468237127440465,-0.6728400559009026,-0.12696245219243346,0.05185189158578005,-0.8283270543725088,1.4642033511437775,-0.7950648826286143,-2.0651165349139067,-0.982349661453645,-0.8335601813811905,0.17364920504373108,0.22503032999794073,0.5867892627405827,1.8794409546276758,0.028371481184181858,0.8445043070063866,-0.4450099479656698,0.2895569042114627,-0.34862445294959976,0
-0.1493079775416652,0.16634954189527312,0.9838980973760701,-0.05383434116410679,-0.05659516215045564,0.31349848449150813,0.8785914384892592,-1.4080443573420123,0.2439110765563868,-1.3310907480607677,1.3092107044866588,0.33874628314824484,1.2265860581426145,-1.6648364179318464,-0.16888032065295738,0.8703569446223897,1.4041366595946585,0.3504443166417003,-0.4276283345007749,-0.2699242088076079,-1.04214333940995,1.4627800492022356,0.6513002408206052,-0.17928958291431796,0.5439361694692472,-0.11045306872027923,-0.3013437474785019,-0.7554154798655004,-0.737918502586359,0.38068254693468806,1
1.047537507054819,-0.3364030512144738,-0.7928374337577765,0.9524559086898473,0.07903848461989502,-2.232268133445146,-0.7052667865242931,0.46856707187768765,-0.7897333154418602,0.05118813663975364,-1.244243457431183,-0.4114466900735432,-1.0869041802605668,-1.2316747965365165,-0.7586418152224484,0.8726337640292489,0.416938849339252,2.0518230071184758,-0.5977621671592398,1.019188418314635,1.858208837107026,1.117959262687382,1.1357059180497553,0.12080025774301993,0.23149291605945935,-0.9211008170697907,-2.672054268564244,0.20438684982438524,-0.9595202076349206,-0.4250836641304891,0
-0.8260770702057166,0.32407197332429755,-0.19960610047624977,1.257387124893688,-0.7231885868547896,0.18057462501819785,-0.19110351133405135,-0.29422236062731794,-0.07700565968930034,1.520496653399392,0.8430872392966698,-0.4563060202680693,-0.6107554607359061,-0.7823459258828929,0.11564670232684285,-1.5161727503662532,-0.21552469357002407,0.3820669736645759,-0.7254538623765026,0.04065061420032605,0.26540017890078876,-1.7621952278620974,0.20642845383083203,-0.4588636274788587,1.8474801203779194,0.19811085818769808,-0.9189045705468462,-1.8170509145424438,-0.04956485519607639,1.3060754765654858,0
-0.6050648446626066,0.3146059939557847,0.7402730998036129,0.687849136149207,-0.004047134628894774,-0.6582499454051637,-0.2596717345272718,-1.069818700199837,-0.9427522531632017,0.989725480741958,0.3351267693877433,0.287627786949202,-0.7173211364740688,1.1972928306873476,-0.23243675298749134,0.1312249439466934,1.1648607825695574,-0.7226901112386432,-0.6353249232439451,1.0335859435063823,0.8139159747026615,0.34365995234719204,-2.177743234142727,1.2791191876789365,-0.6099890997305593,-0.5799166668520954,-0.20011304622189668,-1.197865305414835,1.2184653892669626,0.17221640867865406,1
0.69938090603059,-0.7745932040696436,0.9866173450069987,1.4236866907310577,-1.2745232572223977,-1.1249941557083463,-0.8052072934702801,0.9247491294955993,0.18099818608248264,-0.0662535677708113,0.3672657778024247,1.9321429461149593,-1.7457337772164894,-0.309934527351922,-3.0763837186203324,0.5066193258481231,1.087010212661633,-0.30666290488748843,0.652780517625116,-1.5359494693936442,0.47865512283862044,2.454673590554578,-0.3819695211733676,0.4174768800904378,-0.5899248446639865,0.1759881449260698,1.1077569861623462,0.5992429618380137,-0.10234188320840973,-0.11890855697006941,0
-1.201627540089556,1.018146980727869,0.7491394260684086,-1.2554377278649025,0.17588544335597794,-0.9268650849834338,-0.4555465088605822,0.8116106935539887,0.9896318988625965,0.7111389230303317,-0.27062539721938855,0.4605570138708249,-0.7725886319342616,0.7527768835149693,-0.018265922106237488,-0.4748223644580239,-0.7288027318379453,0.678439783855195,-0.1368863971421655,-0.48959219368424134,-0.49341925784669693,-1.243335233106355,0.16652546811642355,0.2873262121828296,-1.4816769208825153,-1.0760507275028517,-1.6481539560501435,1.204615412181005,0.618335968588425,1.1039941056921703,0
1.6202697440437908,0.439243180738455,-0.06008147950350294,0.19521558002187184,-0.6447307756996395,-0.8035780474499442,-0.42048787121541487,-0.2481306675375912,-1.6601921597269167,-1.2364241670025702,-1.2703078948673725,-1.312216564822558,0.6373156250269623,-0.33439076415959457,-0.19276358972317278,0.3827884191421878,0.8228335127190657,0.45564837781083567,1.6377200628912238,0.03957528125061472,0.1972830875956255,-0.6052492939932641,-1.894225956097216,0.07899026818579559,0.8638843201806716,-0.7422862954647297,-0.5107954308832667,0.9603654722172582,-0.04898717196393905,-0.9233438263172263,1
-0.9579387552160515,0.6563030248283563,-0.13117272212921752,-0.14533796317564732,-1.3797143837011259,0.47700760408409576,1.0324774811812623,-0.3624135293224786,0.40932555120087943,-0.4068794480022369,0.5938627410309553,0.4938477716422142,-0.3843089888929912,-2.127253312522475,-0.7994562522653557,0.3446145968198295,0.8839773787452743,-0.6047358876638731,1.3445300031762337,1.4937850346599664,0.6983372351898729,-1.1359876960397477,0.7113597569121062,-0.5384019467826331,-0.5932389544183446,0.4529739540100555,0.4285581210457638,0.4560380084845471,0.6569398163898306,-0.05693649636443925,0
-1.4488491828642263,2.082705782296461,-0.39092004054703494,-0.7128064676049471,-1.2148527437714118,0.15168670068883047,0.035699482280261575,-0.12031927223996272,1.4983809908906738,0.6585749160612536,-1.0176865061224023,2.0738826280033216,-1.5152543706439385,-0.11574850515321156,-0.7302215721970536,0.3704793485435755,0.6361374545556571,-0.41290202884011057,1.050454691845308,0.19906841408602538,1.4610038859373184,0.9290760208771718,-0.4712505706173819,1.055172804120508,-0.645244354811301,0.6265044252705317,0.5264918470113644,-0.5170379950986399,-1.9943327201807117,1.4777111729543366,0
0.41883844246594537,0.02055252304495712,0.01873662819783771,0.974776484054129,2.1852766718814016,0.9027484416761318,0.36755733365771226,0.2859660184438833,0.3640291750941685,-1.0037860287910703,0.5850322998547881,-1.3105874987820607,0.44187858122295265,-0.4716177300891808,0.8657380867772725,0.38067734085138955,-0.3508011035321879,-1.0105318457602055,1.4761928375637048,-0.0863637423810919,1.7398272452308485,-1.2310819854852781,-0.2529342210618559,-2.250684382729295,0.7562440430158124,0.8381806648346252,-0.605100433280336,-0.6543694753720354,-0.38843006784203793,-0.23988270203808876,0
-0.5594989437446556,1.080918177443984,-0.46885012355312816,-1.8963199737446053,-0.2548601529627702,-0.5124148416230883,-1.307806570145754,0.18909980316016292,-1.9260515173682682,0.3808750956505506,-0.033054198596288775,-0.563348897645282,-1.1459161878332338,-1.4633729989299775,0.8817024451217473,-0.299474823257161,-1.678710132945026,-0.011787095771472097,-0.27318855221860905,1.4129732646590556,-0.4119489777436397,0.9794020058186002,-0.21877541624512253,-1.18162777593729,0.4715458254145588,1.2176123839902684,0.9068892159579769,0.31396217191979986,0.9972866235192716,0.17032522842648018,0
0.08192273997973057,-1.472610554363948,0.21231018408342736,1.5079528734266954,-1.6360175626311797,-1.3121714429411808,-0.3270829971360312,-1.3557226159210585,0.6842802125685642,-1.727542406868362,0.680596422776781,1.004341546938819,0.6569024730413723,0.020435061800129002,0.5342710189429135,-1.1553011727865414,0.25971187271769575,-0.618394509692488,0.8907717203019714,0.7102291108901768,-0.8103838615000606,0.3516587392754768,0.39311587655860736,-0.47407355047858724,0.022455427863797745,0.5115399173216167,-0.4567079141795805,-0.8858577626265768,0.22784336114423953,1.483390085266359,1
-0.15257687794081887,-0.35217653047047665,-0.7926097955274706,1.150075082014731,0.8751894552966298,-0.14621923319760508,-0.7873770457571202,-0.7966357561569445,-0.8554290324397859,-0.4932660814519965,-0.5607690062298583,-0.7380864786846056,1.115127204567809,1.585264597540381,-1.089321543216438,-0.5713505067469916,-0.9479063135126287,0.31848472725402205,-0.33979836063699353,-1.0306232131073287,1.6526120045136121,0.48770114958553723,-0.9794472411042187,1.5067062385858117,-1.1468521899237338,0.6144515359085907,2.4178412885409397,-0.13119286707259104,-0.28828848000977036,0.16759652341885126,0
2.2254900961796977,1.4762232681700407,-0.4433877503149457,0.30453286559195375,0.9229121991075976,-0.4289849825462299,-1.131592889312972,1.084348498056386,0.5097610828592154,0.3188648033902477,1.1068662449096662,-1.145284126840642,-0.2317115096939068,2.638187540663827,0.5676500868916176,0.6280133899160035,0.10584242519163074,-1.8411274334626755,-0.8179955920027292,0.9134538056733003,-0.5418267451097293,-0.16993145156942252,0.2913944681599116,-0.9768937999801575,-1.282444923916286,-0.012571737599310325,-0.3707826959550985,0.2278073960978525,-1.4318075552332652,-0.5347161752429791,0
0.6889319263603055,2.9458057728832574,0.1193113884481736,0.6708423484238253,0.48758511574082897,0.2934586909143183,0.682028632773885,-0.9588559179225697,-0.35716612998873243,0.24989661417723963,-0.9663725650902559,0.43332809789087295,-1.9164392959435184,0.8121764591570737,-0.15040998865036773,0.6941108248197093,0.9969124800930356,1.4097069899340968,0.268684331344238,-1.7332417361949672,-1.7613385921655593,-1.2646773471226955,0.7202438599498497,-1.4086370640024217,-0.23421021073784606,-0.4221964818301122,0.3608585959789812,0.7152427324545306,0.09491751223604371,0.8017559737507641,1
-1.100639344846414,1.0208019664156056,0.1314372739781125,0.7596217537999596,-0.5171887922025222,-2.0507696499408423,0.665609276803183,-0.1434280689889746,1.2018335508845392,0.42186070588198327,2.9519138035224994,1.2708849338505535,-0.24854555985504628,-1.5848799117894892,-0.8714038935780131,-0.9375989651121808,-0.5210206169323855,-0.12533387426099765,0.3177674429616679,1.3741342729806034,-0.870800250815126,-1.3885089855459536,0.8309932966127386,1.3322718608868438,-0.4904664343789964,1.041127062667849,0.7702658612649442,-1.708379662642157,-0.6366483601631264,-0.4767551582525973,0
1.9886031842242522,0.5086061060263626,-0.5034001148731213,-0.6971425301027551,-1.5699227543745227,1.0661352985856045,0.39562552537148654,0.6194462337878257,-1.2855771211425773,0.735795880200321,-0.23807477800592727,-0.7271280174764413,0.5131000795031969,-1.2000889842004405,0.17903825464340886,-0.2654506624481656,1.072525346681258,0.8918914381048508,0.09086610701730377,0.2809249924499504,0.5986048860189935,-0.009100564015036765,-0.8176994922732812,-0.4829124037170927,-1.2205767183756033,0.925408433330322,0.3979032743283232,-0.4230759084558755,-0.7248611372520221,0.23632186549643397,0
-1.4129808820092566,-1.068677122634242,-0.019586506053054342,2.441103422543497,0.4523940934578036,0.1852991977446429,-1.170781771463735,-0.9330333643599004,1.3563122173618471,-0.46189224378233545,0.0706543164564246,0.5918093253009419,-0.4200462706273302,-0.5076953302920365,-1.7247798396289662,-1.2158064386605574,0.5868210231570211,-0.43853880975007564,0.668497104838711,-1.5847891907050735,0.8113258189848025,-0.039654749180189054,-1.470663251340985,1.1291906504543014,-1.4066601793493858,1.0773012774795838,-0.032314978480307746,-0.8936660623556743,1.848404402283174,0.40522961730076124,0
1.2147325571712633,0.4325921280298246,-0.21644389294408167,-0.8707429544582921,-0.18119956602903178,0.16341990102587803,0.8166152936362876,-0.3931411478517859,0.5135443489975947,1.6784948202002463,0.1582078274003551,-1.9590665507612213,0.04850418949708691,-0.09469672430407819,-0.126347470053121,-1.595667912544056,0.27646755814803736,-0.5318897654222474,-0.10553109069472195,0.9480037817264638,-0.8115255441008488,-0.10239424295726311,-0.202261647156094,-0.16577236217037006,-0.4437410768611995,-0.389933394889139,1.6750623437769239,-0.4228724541106588,0.27071918962171243,0.10495853435712274,0
0.07284970534032786,0.4802370685171096,-0.632959107005714,1.4014168393337199,-0.9200542956863255,-0.16453250514926188,-1.1865624489581477,0.8970397054336474,-0.9211823625680324,0.7556999306868241,0.2648980535428979,0.1761888574113596,1.11624114690057,-0.6045103713071458,1.466994599093907,-0.38397481264698774,0.4317096524963377,-0.1933766519390836,0.6172383535154773,-1.0027130471203818,0.10711457661335591,0.018219230413814274,0.4360667417661729,0.4054729258333872,-0.860570578464303,1.3062200995011364,-0.05753893815231804,0.730498681700332,-1.2608819809521514,-0.41466498369450067,0
1.0786100145509674,1.63534935426451,0.42432979743731225,-0.08808664667611227,-1.0622619900922206,0.7972883993212229,0.30652447500382024,-2.3532566948439344,-1.7327896578459479,0.35026610981176515,-0.8321906098953469,-1.0395703682821988,-0.10404915469585277,0.34320350377501485,1.4304371671991833,-0.8174170401710299,0.4358087005174762,-1.0266086392044635,-0.49515357251475733,0.18889242881608764,-0.1476476997882236,-1.3661667203099936,0.5134556145788537,0.7412393197875069,2.359277951902005,0.2219137389681209,0.17373637943969103,0.30326163358132147,-1.3641627116343589,-1.2956477351349545,1
-0.08261007770725654,-2.297014959128693,-1.130719483616587,-0.4975743327959531,1.0088117981216125,0.25935217158453244,-1.5179271244585004,-0.04027360291692469,0.5834408521558632,0.7141759591913089,1.0455097314399233,1.198052713815663,0.5699033853460774,0.4870937876486991,0.232554542559421,0.8423806516623669,-0.7878454795423697,-0.20441761493944172,-0.6993805440112016,0.43354793419410353,-0.2588471586599803,1.013438956581253,0.05223672498187944,1.0635202521106313,-2.11118106408265,-0.7198239265024227,0.9381691840463992,0.02032374965607197,1.0558749812437747,0.25090249273666676,1
-0.9338537715254205,1.793442835758967,-0.663448235217581,-0.7456406135967077,0.8196892331778326,-0.9114006364220063,-1.2932087081371615,-0.7676586870453618,0.820164790419618,2.139573662848416,0.004885649883252435,-0.7241484777723665,1.2346051706479664,-0.6152851045128295,-0.4441396808352337,0.4165861027053132,1.1411008145076347,0.07051975331835339,-0.3547159075980092,2.3212853331469523,-0.6706919585642396,-0.5597331877352623,-0.3883198730134443,0.5511393587617562,-0.46711663721550845,0.8172565521153081,-0.051799894490253774,-0.3190598589626981,-0.5619931155363665,-0.025132023790081753,1
0.44711886952712426,-0.03513292460245873,0.23251901355245602,-0.7751612906172307,-0.7159846478759915,-0.00476423604995518,0.11957981170405721,0.0477790261295264,-0.5903160285740316,0.07287883559257416,0.025413970367773396,-0.12115979489643772,-0.6522005238794935,0.5192513524932166,-0.011840199300028307,-0.75025285797447,-0.12498308576561783,-0.5827559485484948,0.003156172432898962,1.4282625348065143,0.14787082081950823,0.2014753034005401,1.4243240120979621,0.2710718421500353,0.4337323915663237,0.1443303420235342,-0.38473541935766525,0.44808795857788136,1.7021652585343163,-1.3208442619759082,0
-0.4572055323634602,-0.8529980375287803,-0.7412669999972565,1.223436910365644,-0.15823429588361648,0.7229668177070661,-0.6670314452848864,-0.644846489819451,-1.0176880007815812,1.4450427384501865,0.7751097189173832,-1.0505098359890217,1.14226810479939,-0.25950003123669796,0.4532179625217924,0.04701163854985078,-1.4366218238265367,-0.8277432799506472,1.3539441105404708,0.9392997910286798,-1.0216591674529028,0.20798422288662133,-0.21464728750179848,1.141954114800157,-0.20487672754840683,-0.7681649783712776,0.7370885643652135,1.1891045426296025,0.39354128715651865,0.5721023138152522,0
-1.1951756031716005,-1.2779177299504838,-1.3499976455674143,1.0507934973459347,-0.3872327153385827,0.8263001951297775,-0.6002550337681524,-0.014543380607040576,-0.8056849149106965,-0.3275698436713108,-1.7095803840058275,-0.31764679074192304,-0.40594477690744907,-1.6949080123451545,0.42478909453524877,0.5742829142286319,-0.6620401043732106,-1.205236491068143,1.730401213680358,0.2561626486057183,-2.380018301434733,-0.42832707538860615,-0.6515947213867935,-0.7254459363120496,1.0921861519593905,0.2529543572652059,0.6353081535125327,-0.1379061256000659,0.8533515192922785,-0.3733033959888299,1
0.23284621972490507,0.48730273479258923,-0.6229280193350237,-2.0966011986100197,-1.6932035606130236,2.311904999704583,0.651123856688981,0.6981880949106241,1.4214778968358015,-1.1249085615185392,-0.7243043417254662,-1.1047923959996513,2.3565864133071384,-0.9978370448817359,1.2542475380389808,-0.6589058192931371,0.08529942401279465,1.2703146313898643,0.28599283527120783,-0.1316500060053914,2.2683806313034487,-1.8339099927980878,-0.9440790542461837,-0.3096101125071541,1.044277432505526,-0.5036286904684455,0.9677163532514035,-1.7224261873573117,1.1482837250275975,0.8935661246484569,1
-1.074747887705123,-0.0344945418196698,-0.26940851535642923,0.4501640101151245,1.161174835390233,-0.6830357381195592,0.36947199022365773,0.24563101342331892,0.12497697656116673,1.45534037876361,0.16054295109724498,-1.2149954169721153,0.7378394861924891,1.600958814747298,0.139998221809613,1.3520528821556683,-0.41933240519567105,0.41427202942181474,-1.562721268548523,-0.6098209370106611,0.16866281203931532,0.6697284249381446,0.4366329285162741,1.2803211798582257,-1.5289810339913947,1.4697464323360305,-0.7136927838236659,-1.228612018071583,1.0369980774337637,-1.1124501433878522,1
1.4135907807222412,-2.182100425803546,-0.7556934976881565,0.8770751563731396,0.672329506508215,-2.63417027348343,-0.6637521243974007,-1.7157617779010401,0.1385061826240371,0.05116733139611881,-0.2476972494419206,-0.10671266308380797,-1.1015256366639379,-0.7340125508820445,1.0666935188219244,-0.4896875575087861,-0.5715029582990436,1.1397982338192234,-1.1788998116319003,1.4796503624500401,1.5647727934550626,-1.0155297700628478,0.9206568607951592,-2.1620085299319407,0.10173701140746055,-1.0085679576875572,0.5053007648651364,0.3148595892223098,-0.2766797488964213,-1.093037450711839,0
0.9172966407773834,-0.03130561308934373,-0.7074143283330607,-0.5132927818871604,-0.09558155342644081,-0.09928959909478795,0.3099016253415644,0.9558365656810264,1.0474956314025554,-0.22642162285078613,0.42503357003502723,-0.20063692981370962,1.213479069274621,-0.13240354094176635,0.12096805676147047,-0.025789542238582173,0.4610631174946351,0.6314842307650245,1.3850599337081697,1.2114329226452831,0.04323974914293759,-0.04305855670822601,-0.22500537911608204,1.0081904129530466,0.245317000883316,2.461696509772059,-0.06355150006057615,1.5214941243834508,1.530189725106742,1.5035433996713439,0
-0.3295838999807929,-0.08431037280288874,-0.16209302453958258,1.4735785434426434,-0.45017940033908405,-0.5783301026154583,0.6938096124905245,-1.3277569704426166,0.7681715881636475,-1.141217767470949,-0.41168314466590866,1.1554235073918375,-0.5557586420247127,0.306542966122346,1.208676550165434,-1.1387783471225397,0.17310762200303315,0.6468494147081908,-1.4198700072641186,-1.0377032036853466,1.6157923661255476,-1.1460688336896994,-0.34957221551955275,-2.0158360670887814,-0.7858184600141013,0.7761668516054958,0.9585685617289899,0.7937754370804251,-0.0348483947896606,-1.0750614089668917,0
0.4135000722919476,-0.4415573018187567,-1.6082019271260284,0.02888909759264621,1.2700639149548503,1.1103318067581638,1.177514837543156,0.3027886147599797,-0.9296263788739647,0.587113012642913,0.15109806463305528,-0.25710823570451397,0.6667671601717985,0.4568313662248298,-0.6197475804038746,-0.6663144378011547,-1.1527456285480653,0.25664167343197863,0.9071732019924617,-0.5913532014622318,-1.0660720164965363,0.503396267130903,1.5788466925426858,1.9901842184694132,1.5153623569527188,-0.04936772633074315,-0.9007242152928785,0.6076932795224909,-0.07062153473291109,-0.19918669837867334,1
1.900587057420112,1.3854474519111384,0.6368784259627903,-0.09645708155927753,0.007569745067016315,-1.5440870790731858,1.0460286795301936,1.2972773125944275,-0.7644875291720932,-0.6280178527880781,0.9751521001164376,-0.3243977589306258,1.1356243973830966,-0.7819399407000746,-0.31184092520371853,0.518602542388163,-0.3236867024069448,-0.3815092592325887,-0.4039976717083885,0.6949865461911242,0.9629041996564083,0.4927515820221371,-0.6975564327164916,1.3678827055912481,0.2553423332833643,1.05053291868687,-1.290094736885279,1.1675153013400943,-0.37231376389634924,-0.44242392989729595,1
0.4052324717847087,-2.050548620309649,0.34993068332952115,-0.2767261156574905,1.4140883351007216,0.27125053844457675,-0.9932119563869357,-0.8011606575777764,-2.4594293862929377,2.4288261184336486,-2.504235486905203,-0.5406455815979526,0.7412730366825667,1.467526038032021,1.8042165244227313,-0.09960949326764083,0.5022924874972283,-0.3054799105875499,-1.555989340011708,-1.0453956705110785,-1.7165814124537777,0.31607740456770883,-0.34224379622137613,-0.18749700455378476,0.6721890197520225,0.24745395851588783,0.662347701328353,1.8115369582405718,-0.7941501359381029,-1.8734607090743114,0
-0.5803239943136821,-0.20668825827848378,0.43560899981036094,0.7240958722078584,-1.0646047449556577,-1.2125696985443917,1.3645020267317995,0.3186699235811844,0.35331394447240777,0.26433289458018655,0.14789100463291643,-0.22458590335765963,-0.7090182854679418,-0.5394825216692111,2.1661249131146945,1.8044174527841204,0.9271394787849986,-0.06720010419094459,0.5652509605961844,-1.4242898766126049,0.9964899556716241,-0.24029284056712785,0.015354482326090102,0.09800160361900676,-0.17906956968499982,0.803703718935076,1.5948018105095407,0.8569758356770424,0.06592285143117703,-1.066025971188959,1
0.039553639225297726,-0.07723639695793993,0.824477559499266,-0.6445603421670089,-0.888070568277313,0.2983948281182974,0.9203757176241505,0.15291977135165408,0.96634646771438,-1.2759122448951523,0.4735199654435639,-1.2818801370492028,2.6673149931161815,1.3407668984330856,0.38499894815619495,-1.60392254540565,-1.3750789127943075,1.8954248150704867,-1.15761714942073,0.5001391736524553,1.823332843541355,0.10592797033898552,-1.1949862598067684,-1.7753131096418024,0.38283752393445736,-1.103961316031761,0.0022869893962943,-1.0653402299193837,-0.6014426642091535,-0.5694062049658162,1
-0.26123239859216507,-0.7403986021032427,0.2847814326269958,0.9973189094493363,-0.36022189989847236,0.2608554071705582,-0.9352361926786915,-1.5674805505798421,0.4016850658726581,0.8796337322436375,-1.9136162609987306,-0.09132292628306722,0.43223608922407025,0.2893452597061307,-0.5900937711370765,0.04757796741523678,0.9263839892608398,-0.8598337456024716,1.5548641380143395,-1.387919577601475,0.8977760056571359,0.053995881719902675,-0.5147737067823446,-1.8418155804639067,1.190193462094719,-0.9340865610994953,-0.029980154287475785,0.4710316082883952,2.379238589763665,-0.3556760051078699,0
0.051053131972419036,0.4140683451893847,0.11641886026001622,-0.7612684832134596,1.485313547774409,-0.46093594961658535,0.4681258203837025,-0.21689021248573728,-0.605846354203718,1.0482428293193038,0.2629461875550385,-2.1843553540313527,0.29775008056936875,-0.6270894361255197,-1.5888365211731985,0.9565428870230516,-0.7635551571650498,0.2623625371308178,0.9198205396229812,-0.2424663592885631,0.25120745992572546,-0.680799447072505,1.1039231897638007,-0.1817461910099578,0.5374752244914734,1.5053947100089973,-1.8514889212575196,-0.6851852361989732,-0.17277991642939897,0.12761455900956817,0
0.6153869363872994,1.220811355283394,-0.7454099729648318,-0.20170914828051295,1.1217829168504119,0.3380176497293095,-1.7006165709903496,-1.7833421493029675,-0.48901772433650265,0.5520045870669548,0.5333354450189514,-0.893158711554927,0.663583369562944,0.25193131979291217,-1.0813303067238034,-0.6014346841550101,-1.9446086296015517,-1.1909379812429588,-1.8837539438110082,-1.5467535133477697,1.67931765094459,-0.400070935495389,-1.77394384867533,0.4187364390116382,0.2898957152572942,0.1929122529322201,-0.8732131252117432,0.6227290530196846,-1.0978037578592346,0.793647226698399,1
0.8846067159320828,-0.06424186642909045,-1.464318364859878,0.8024957012421668,-0.5835628072920398,0.27435937222800927,0.690772050580504,-0.8096582179877414,2.145699042226684,-0.04387738827537582,-0.670741469137727,0.9994318547757797,1.54985725808685,-2.066745335561266,-1.3811380301216731,-0.7756031336757258,2.1134334219986983,-0.4791179309850209,1.520845930803352,0.22011063399000777,-1.4503028463399148,0.8806242478978749,0.3169492288644114,-0.8622645164185927,-0.6607572035284347,-1.0496030234515787,-0.6247380953240524,0.6584551996095007,-0.9036955057766575,0.08438712515411209,1
0.31385178047104667,-0.05453982800461602,-1.6156649251667188,0.7488758097714706,-1.165417454524965,-0.575059295476982,-0.46014487276135335,-0.03185089824398599,0.09623129491802239,0.6858544335812662,-0.31179564275165383,-1.216779043606293,1.0870701322169265,-0.401028775374867,-0.18493949835714965,-1.0008004366338321,-0.8656334001346743,1.442437645140834,-1.3750814725521319,-1.2272474131438929,-0.46226524684298304,0.3181493107012616,-0.9674337044195722,-1.578147081932043,-1.2205234576179322,-0.415840069186823,-1.0006347367268984,2.2233273847845854,1.982201176459985,1.1655911351700439,0
0.3764308089766865,0.37836790263522596,1.322085542548705,0.1307561662444329,-0.8234889960094458,2.1232136472188143,0.5752278495815137,1.4530488728903297,1.8121290937882122,-1.7722376671170281,-0.8639724751589228,-0.2033257100718643,0.5009401002695816,0.9165385696831935,-0.06317631627468508,1.292799458322528,0.609412231402447,0.5971056453807246,-0.2767866434786526,0.3157731544582183,0.30890561499852615,0.9627950963492043,-1.317252335627722,0.7021471227249947,-1.6463891252199232,-0.8533159901821202,0.607684399859864,-0.8381519538718012,0.027278249191034682,-0.9212630429532838,0
0.599278921291087,0.04738631574455265,-0.024743379223880972,1.0997150876423178,0.416836574547366,0.4937331517750709,1.1088822830631324,1.2117558398051955,-0.9501476155313807,0.7369579488771395,0.4334135121243208,1.3119646728289038,-1.286843807949506,-0.6906231182311572,-0.1971015536585509,1.4027101949684004,-0.28690354778472654,-0.04148614229869505,-0.6840342757665394,0.7840957404320456,0.6763748782755564,-0.5437658899778562,-1.0448796762248196,0.772153852279609,0.5087848026294268,-0.6636842273331295,0.6942453077655679,0.6393656987352853,1.2299818102684579,0.8468536693856524,0
-0.33889730851648686,-0.7618598827638884,2.0152048181643,-0.513862511915488,-1.8344584341093204,-1.2080569600647753,-2.027343223645898,1.221289401762481,1.821482643720863,0.24985742853685367,-1.6036939777821817,1.2017074044205496,0.4657594265559999,1.2309960601510506,0.5899982997977973,-1.3847605244519778,0.6614627184677159,-1.5550003404754429,-0.7717667145431382,1.0331020734569427,0.9838988123126927,-0.9438652680525376,-1.139710639850159,0.026410433519282957,2.003199047088774,0.560857518685873,2.3527151553693884,-0.16455713176019252,0.88328364677462,-0.31595430418615206,1
-0.8001181353956986,-0.9515420765606213,0.3535242589285858,1.29478467091242,-0.32663494347317307,1.4213498406191731,1.8307864796239715,0.8676830010557143,0.32681681159344667,-0.6704293494678266,1.3028298956345026,-1.1408774669473964,0.6072695865633647,-1.289084571300476,-1.0574003214948238,-0.06136873064445577,0.7039850470228409,1.004811344312271,0.004032110205393236,-0.4175361630144882,-0.7900878141749484,0.7000185398935235,0.6614335054115047,0.17751279957650204,0.3016638659671251,1.601634002519867,1.016646546037838,-1.4152778058054323,0.8875698328895317,1.3812743849454565,0
-0.8196036673827628,0.9483101806266555,3.0057444259856028,0.48238067735619244,-0.23570236980536824,-0.10078523410740284,0.13117680259370196,-1.577179328000215,-1.6234320444557209,0.2704605138459314,-0.04875774013139941,0.6630360043391793,-0.28248315058172074,0.08257055010862037,0.9505912221387933,-2.27595104259867,-0.9163702433385323,-0.5235237422105494,-0.1586275003591168,-1.4172353109902913,-0.9085799689858792,0.6992524022714579,0.464955714745254,-2.792608494332268,-0.2252170379582352,-0.14225711377394215,-0.9130999036452154,-0.14202161796285884,0.3926274179881549,0.7150349346292393,1
0.10123150537567259,0.6468516710071114,0.010913517170886457,-2.2847682714689777,-0.13381602574744536,-1.228951994385282,0.11344084341022935,-0.21999917402679517,-0.2294272756931827,-0.8378123219414859,-0.398862965232088,0.30699521126765406,-0.913416864774383,-0.6212281585128115,-1.7526028642867972,0.27913420551068524,-1.2761312633864774,0.027843671920817735,0.7063392986880775,1.2712916594582226,-0.32147749106491,0.6247192609199334,-0.007397341893294617,-1.872403551606769,-1.4863240016623172,0.8472728446496222,1.1575224436809717,-2.118956152214011,0.3337292446925577,0.26898329590864284,1
-0.8025456910481539,-0.7921850252884491,-1.0564658824324278,-1.92111559072259,-1.0539234508529334,0.6963381880698835,-0.35055509833342946,0.7339238697826751,-2.0012707629536113,0.4396222784399567,0.7775299951861057,-2.6132958791254097,-0.5269148731783145,0.34392454431665453,1.3030463870215536,-1.3789685998930752,1.3872343163459373,0.4386506549010578,-1.002747325368165,0.9927557884166764,2.3027941839194503,-0.3354541994020181,-0.41801546600424616,-0.9520237547382968,1.8383040733761606,-0.7295174432289222,-0.9688639566160353,-0.6241291658713916,-0.6123544378258255,-0.5783857996305036,0
-0.788849673582612,-0.7159821558311653,0.14325172848305087,1.349736823622749,-0.9919624333598698,-1.30280760438095,0.32631929699864803,0.532952923013659,1.5409458532262468,1.4088208189902625,-1.5851761401503228,-1.997631521113094,0.5654540268571544,0.538566744510405,1.481844028965894,0.39258167946557293,-0.562833680437612,1.0394310065901264,-1.0445370920096602,2.0068732070618833,0.2723821171825916,-0.7373299975852656,-0.8865112965296343,0.19515635595438507,-0.07979804668120073,-0.1367931026596454,-1.3102237712071323,-0.16178280172591764,0.8267479027605696,-0.754840452994235,1
0.25622656913341363,1.118892554585108,0.6301052354849612,-1.2100071678322983,0.3213438537310896,1.4649124352604987,0.4972537631632883,1.1802192846239739,0.9801397059198127,-1.1382892309592454,1.7802274951400383,1.2537746768276963,-0.2830492115539184,1.2958448420988165,-0.1277832623105878,-0.08932147640722085,-0.8938467072439146,-1.0347852820036305,0.1492787176309941,-0.2532800485898037,-1.4871807547331286,0.35015549713637495,0.5105221624521066,0.2990264316782063,0.290274213067203,0.4078074466290494,0.1665273872264671,0.3491796810684329,0.5056503335003782,-0.5853950597013565,0
-1.2660590387017152,0.3192520958758813,0.15144355773011794,0.45302987757313484,1.1382456331330164,-0.03452556733684468,-0.13309112707704351,0.4683284534250939,-1.0204929897310202,0.04185183709075198,-0.1022667875139396,0.876511112607977,-0.45853292447508925,0.09090639724566035,-0.1555999406995175,-2.487423235230181,-0.5280157915151782,-0.00845289272068794,-0.8914603568615209,-0.12226960182603593,1.3388720401635568,0.9632535999951054,-1.8660155252120447,0.7595907719113002,0.5617499685312717,-0.0932634334039856,-2.3447684845610293,0.7826844758878279,-0.42923780089538494,0.2108420408032965,0
-0.9678484429065827,-0.7422573276540048,0.936224792891183,1.622682116280953,-0.42701357081084756,1.5128570251972686,-0.4288902530135157,-0.44090368510346817,-1.417817880597773,0.4973219881270119,-0.1954022584084822,-0.13902344763700228,-0.37960906903816577,-0.9917279436713081,0.6256539528744705,-0.061347632125957285,0.8080071204007012,-0.9441524732453719,0.23906739698838478,2.1370608746793778,-0.7112341273923928,-0.4845761828843754,-0.49635301667139725,-1.0425601742446935,1.6576489571548256,-2.3035978474027154,-1.2226637487115526,0.4680489780775183,-0.7302639399595029,-0.03048343366085711,0
-0.028789900072616118,0.49706098972438506,0.08187913819332723,-0.3887076655325533,0.12942822173761578,-0.1784826450147474,1.6944928743126746,-0.5756321484044828,0.5553715026755484,0.913584509421567,-1.3214672165810102,-1.1128313701870016,1.9307519413466199,-0.6770491047361494,0.01215354771654035,-0.17381950638200908,-0.03823571917373229,-0.3722876255378813,0.12106047213181706,-0.8127948170826303,-0.22379420233553352,-1.9712062333521292,-0.11635061853553144,0.3348590150110864,0.959275259881197,1.1476237127734974,-0.3772948682434955,0.8406036213193832,-1.151125667041571,-0.5173517109312503,0
1.6208253201866776,0.18241935314228183,0.2328940740416631,-0.17838303192699967,1.8687693909079464,0.5308321236682251,1.4849872097630474,-0.5917371974535891,-0.9722383850279456,-0.7651985641152255,0.6290599285771283,1.6474172636800062,0.7499460763310558,0.8772655983474903,0.17288441173658206,-1.273077859635337,2.023277391255084,0.6643305359241983,0.523387318458427,0.8737914716971869,-1.713933671134813,-0.5011232482449183,0.6219208845979924,-0.1448974489215658,-0.07652686203880603,1.281428831648413,0.1172755376597072,2.378081944407317,-0.04079637065124118,0.804937280626359,0
0.48403933363590435,-0.5742800868036694,-1.0310435063320098,0.037087989724607064,1.9205020611321273,-0.39361877167614717,0.5188950574331521,-0.2571493626359349,0.22156032168699882,1.1420123082491414,0.11497463493052258,-0.6153398281138734,1.6060435638304174,-0.6049144639407158,0.6767312270125365,-1.4906590625873208,1.2847186910062534,2.6046549067155356,-0.027020437014145637,-1.0260714466187655,0.7675005564080597,0.09084995349580609,2.141473071595508,-0.5992116567651896,-1.3369525052024236,0.3037798333478653,0.5833232408893376,-0.7689759890892643,0.9604906396790897,0.055936502036597634,1
-0.27082250982152706,0.5447236519301137,-0.2876018682645523,-0.7350053437008109,-1.6138846021617825,-0.6172288097594563,2.4945978150671757,0.03592197570726124,-1.0171218346170312,1.2668217579374441,-0.04698814990048486,0.2920230359343017,0.27432742661636433,1.4853070174738778,-1.3286741414380676,1.459370249526399,0.7451856834605213,0.07730910624726187,-0.8539358780004094,-0.2468516154496953,0.04235856669729214,1.8087900360389195,1.435041040753165,-0.3877075985574586,2.0093623327954733,0.9509447010972719,0.47133056710106336,-0.2812419563864862,-0.5772468879983883,0.5426317030060196,1
0.3837751202372051,-0.39055636653957826,1.1139777046545998,0.16342672470772265,0.41803057970533425,1.0727573334049079,0.8265974934507003,-1.6197474903692939,0.7619438765601076,0.027986708818024297,-0.44711998431304384,0.05211798026341016,-0.3061527847959337,0.1267601847669045,-0.020764971250210373,0.6876576320007046,-1.5318501929887522,0.1837920836339887,-0.028631316100401764,2.2515757574981965,-1.9571784314334633,0.9220475403927332,0.43337096577705053,0.766326259267529,-0.44731110539014646,0.3193607169207125,0.14542354838470561,3.5360480744935616,-0.3092642810099019,-0.7850717649489454,1
2.001057268594036,0.34389397360364865,0.5139935974602352,1.1269441022999611,0.07677155085985218,-0.41911537691906814,0.13244831879513908,-0.8408414640889187,-1.4524162635625548,-0.8430022353952555,-2.3618330044381253,-0.3643508391479002,-0.4999041327593323,0.6036527559060572,0.12910360465847295,-0.13918420526592698,1.1775731753922871,-0.41713714465605384,-1.1098020639076194,-2.5275510311284526,0.024717954191880716,-0.053031738887721586,1.2690811294745357,-0.8675933492894647,0.7500397493107714,-2.4830176703348488,-1.2991597845614091,0.3835457643964565,0.689337066235785,-1.6594068836145217,0
-0.7946047004546959,0.045074261368571907,-0.09513512666969191,0.547549119892392,0.9134033979587831,-1.278258221695332,0.44397325189668013,-0.7196182383366589,0.33555228442106816,-0.46677782019565084,1.0767310844884737,0.586777782983884,-0.9888545298295397,-1.6786437861039023,1.189414471948496,-0.7059627065239387,-0.6017993938314714,0.7420024559458496,-1.0232612141316793,0.19913159163292135,0.018451424561838636,-0.08160727130277162,1.195323211534924,0.4660663617735081,0.9790852823945004,-0.24979826308304692,-0.7240814683254491,1.0388872032474428,-0.5706404328787285,0.12362527440232741,1
0.4235334686323152,-0.7696217525701333,-0.7664811792613005,-0.27159659839467476,0.7440380150190256,0.34608098493831174,-1.3533336102726798,1.952778849549481,0.3800248701839762,-0.42366087592397944,-0.15255670586870682,-0.24214304135074216,-0.37214762454980416,1.165749694407912,2.376434669114038,-0.5128001025428377,-0.45759201090648044,-0.09016416257801656,-1.376548865516654,0.5279446134154385,0.18682190975355606,0.14954973906991856,-1.8529866494026412,-2.26194388356913,-0.3676183978137822,0.6615412960131198,-1.778063433517384,0.8953134452903866,-0.3033421739443176,-0.8289070252746463,0
0.08326067820379249,-1.2976284718958184,-2.538305588481692,1.206307736619218,-0.04870806116146208,-0.7214076868920507,-0.5779119844473549,-0.7749811733286149,-0.352812690216785,-0.11241407969888591,0.687562548318919,-0.6957400445980392,-1.0573936953593832,-0.5360512771920919,2.4639827945148727,0.15676915867600968,0.39967776163021573,-0.2547497319006681,1.7333049541293146,0.8597015708086861,-1.0406861652192774,0.1576196853486939,-0.3869434372966853,0.41116885077919313,0.996539211204515,-1.2230629410436893,0.35899078828350445,-0.8072386188833661,1.4164088958252816,0.9664579761803234,1
-1.9898910152332485,-1.1267283820165879,-1.3437303084262961,-0.06156066583792509,0.3014378181266685,0.7914491890960451,-0.24570752443486343,-0.28240597652610316,0.28429183923619583,3.150351505974646,-1.5148113061599382,-1.8792270800766686,-0.5361384756651569,-0.7186930009799275,-0.7378644962492409,-0.012331535204843206,-1.1702744056885956,-0.5952574846069701,-0.2945116035030531,-0.27113182991153123,-0.14119674614176086,-0.14961692142650698,-0.8074500450802649,-0.2550060418189639,-0.0050401771308365316,0.9603068911888354,-1.48083005809557,0.024477313704334487,0.16477222135841796,0.18436833321594445,1
0.23130753534931395,-1.3131080112404603,0.16077296740507985,0.1057999878958119,0.5478625037693106,-0.16637229772992257,-0.539646706606598,1.0012177734308718,-1.2180195124425182,-1.3739676222586719,-1.2405735692464162,0.3462629077531625,-0.7228141870240203,-0.11117936035435644,1.385496968634813,-1.177351941775714,-1.7015098107414546,0.8297687052960496,-0.8344096897614741,-1.1717016207670958,-0.10763272549593392,-0.19111578203777962,-0.8678434405621577,0.5620388028008637,-0.7791270966108415,-0.824678863017597,-1.8655981533328256,-2.4549576861839766,0.2363013111778885,-1.32082960986841,0
-0.1527074989319383,1.9275433898793242,0.4653168519046401,0.028163897451837876,0.42425425505210124,2.157491145887967,-1.886220225974292,-0.1359396975443308,1.4745774953250637,0.30806462555821656,1.2045704471546668,-0.6256179329984939,-1.2504921850888067,1.9112856619505485,0.07515168581844753,0.8259948826181234,0.8884285300310589,1.2795202922087325,0.2944445408240418,0.33792578419101854,0.49741103419971283,-0.6415897074218928,1.0504357849827877,-0.571470487308618,1.106425422158265,0.7949768026775617,-2.20648640958328,0.8066920682716953,0.2336275780415603,1.3338734940245986,0
1.732716679411398,0.11079210472161025,0.3570199385191918,-1.2832690738973782,-0.16842912277122107,1.6558346298297764,0.00038238962675866294,0.9274861415459019,-0.021760734654073435,-0.11680357476808108,0.5745872711622806,-2.9122340942266933,0.37168152752810407,-2.249456304147183,-0.08262536325595136,-0.8353414555810277,-1.1551986628164983,1.4780120125601561,1.1196020883434161,-0.3561434668020704,2.378154470355096,0.9937766792316614,-0.1581194424147586,-1.8875937357042452,-0.09868741446451629,-0.6315141032169815,-0.4624824161050179,0.4135119566553767,-0.6282359875311114,1.3209463288243042,0
-0.5300624375218176,-1.022203651846635,0.6495724866699605,-0.027853750339012606,0.8553093529498476,0.17127177734363636,-1.3892262424484,0.30399008257442806,-0.9079504563729266,0.146278253370302,-0.598008036391143,-0.20547594548158077,0.04314745579739911,0.7338717459426766,-0.5513635944989655,-2.7895677980964515,-0.9566090912795527,0.13369334847538444,1.1818293263613426,0.2997029602126641,0.9957052521251104,0.1576431933784143,0.21804378808636357,-0.24205266038797055,1.0494152987286804,1.6460557536570726,-0.9646055799138257,0.2247221192774335,-1.1919293086063614,1.671464823833056,1
0.17095073233612595,-0.019912320715279576,-1.138625095983027,-0.22541539869895955,-0.0756039133010837,-1.0740526730546416,0.15094981570697474,-0.8586910596591436,0.43467559322989796,-0.9860984034202479,0.15709680203813695,-0.19368879817417284,0.3013825619993322,0.16566000513267848,0.09476614978997563,-0.7396313652637906,0.5540216608171592,0.2873593619605729,0.6371516661276582,-0.025335616490832213,-0.17950885329502228,-1.0149396124470857,-0.6607421057428049,-0.47325604702565005,0.9614287992766601,-1.2445134561840205,-1.3394054446361479,-0.07065038235920429,-0.7663561766824665,-0.38247124342550404,1
-0.4396322395641171,-0.630905341491369,-0.7630353166002641,-0.9317306380931853,-0.36948262919022484,-1.4623572311378414,0.6056586258523838,-0.8843693659602557,0.4531877852201613,-0.6593607113174508,1.0373783825970138,0.04025818585279857,-1.0766068932589465,2.498048610817302,-0.4177675332473717,-0.556548896209264,-0.4883263573618434,0.3979472773040189,-1.4527428622897771,0.13588294784183913,-1.6852020739496232,-0.07371430299377617,1.1266106404438172,-0.5546122352001588,0.8876870531962568,-1.669399769882566,-0.6216557763376809,-1.2244586308064287,1.9081978037512304,-0.4077768581140329,1
-0.6504380189292089,-0.2577647558690908,0.006691839763793354,-0.3710309695571852,-1.1911516223519654,1.349340004790821,1.0881617474915237,0.33318055990075557,0.2798674557329786,0.21538401092286283,-0.45663579541200294,-0.565211527401855,1.5940207215669169,0.6251048857729418,-1.3298031424536532,-0.45166334884411874,0.4876460696938119,0.36792492710920566,0.5279227502006567,-1.486038111769256,0.32015240783946475,1.1154616006282236,-1.5052381896756286,1.7396056658183332,0.33008678427626637,0.10972640889958475,-0.9515847990888592,-0.6368397823819828,-0.3775431646586634,-1.4258538990643537,1
-0.3148311821873115,-0.8921268386953027,0.6829575568813299,-3.046183249963298,-0.24703674446718538,-0.9676897844737745,0.0026836705397429916,2.3538349849823366,1.6741603573347654,-0.4949743892397163,-0.1854574135732453,-0.8378320715064946,-0.15086315414953294,0.7361460194675182,-1.3136820607787902,1.56670599704046,0.9144284731653707,0.870890756470954,0.38247163495033976,-0.9036015494042666,1.0121008078126703,-0.3197308157786306,-1.6885279736127967,0.07957933239360085,-1.1590237202265066,-0.605082894368708,0.706711454307254,-0.11962737771945951,-0.03744779730678688,1.1683996768009721,1
-2.256116402975414,1.1248891474904743,0.14748765748923487,-0.0691479480641767,-0.03772038552502816,0.6397870811226445,1.0259552398235767,-0.23640872079370717,-0.13417113084509655,0.6089459953982035,-2.0980766934895336,-0.0986983164863772,0.4980823446286324,-0.49331356365047485,-0.798610246724672,-0.15233529706242077,-0.5849346189220371,-0.2456518624833608,-0.47211393200736573,1.5616362558152836,-1.1395275223582542,0.8347805679361268,-0.5872286218201208,0.3258155558574959,0.6470264624202424,1.530399939689293,0.39291978981854353,-0.39642580704250296,0.06577408229906168,1.9184767815032624,0
0.16345299062465427,-1.3078242257813388,-0.38329095905128063,-0.40905284779957013,0.7299684483570186,-1.2219862916592286,-0.5077741597044361,0.21352083580373274,-0.2804198910203528,0.09091975689360578,0.14758751959256886,0.21449056023456312,-0.9269637239621087,0.7975841973348762,-0.5352844944959158,-0.011591305340303433,-1.2118829505768998,0.03989397759892035,0.19017748155954714,0.0362299500914825,-0.7803128737311389,1.1279369329965703,0.5834403453973597,-0.13890052062192743,-0.14807076514608203,-0.7381452591057827,-0.6228225003655031,1.4568548036896438,-0.35832202748655956,2.763913882865618,0
-1.159646715387823,0.36877494143591194,0.22620678690786794,0.036253078855677655,-1.5920777340043997,-1.3712269923087237,0.19557247986105727,-1.024063047626467,1.2090501806663787,-0.22397493169978255,0.2550066811319803,-0.040452750755725124,-0.06819722801025857,1.5207778250278445,1.0843367230429521,0.15431949340598955,0.6749559204628527,1.1731141865938506,-0.5978256783845166,-1.554961824218045,0.5530205850855602,1.2459792858920375,-1.7146832668123295,-0.6063153250375902,-0.24141175783991906,-0.9824863469678893,-0.14461888496859723,-1.113486724159284,-0.31908709265806334,0.6993671272171202,1
-2.069487630155046,-1.05110033704058,1.4006919039755223,-0.8243210848129803,-2.5985795567942467,0.17118014657457514,-0.07475283240075413,0.14813479835792126,0.05738670290525527,1.2729150347195373,-0.703061796008206,-0.09380580885923927,-0.4326879423408462,0.676362632917717,0.7775430577819622,0.3724035476367588,2.153802585825569,0.5533046112106778,1.2549990347387414,-0.8853720200705061,-0.6982102470367544,1.9803367749295342,-1.3539283836454794,0.7678494758026481,1.286688953033856,1.1755472495923085,-1.5953259792986034,-0.3508090260592119,0.6221940345734321,0.7420136514248448,0
-0.009008505729636603,-0.6961082565141601,-0.27348617879336545,-0.6182316610784944,-1.2427241843633772,-0.2990751169475157,1.84929628070222,-0.278868972275087,-1.5127849803833084,-0.35867594303945327,1.7280396350098208,-1.5929284370077263,-0.0009386040525375636,0.737740930723388,-1.1409551353244938,0.19079469616859426,-0.9132643010009225,-1.2257561146566,0.6226679268343329,1.8230546574129585,-0.38703416854645023,0.5807539119250739,0.4837429406776665,0.17399575055876246,-0.6887365619734914,-1.0133030274436696,-0.7971847922335672,-0.17874587777517126,-0.41929026877698033,-1.1490930134170927,1
-0.20516022871686965,-0.6357055348762398,0.5569613807666783,-0.39094374570042584,0.8437508055520192,0.22972096265392253,-0.4966569434028023,-0.16341882564298021,-0.13511091142319734,0.16616088169179125,0.36101928795060456,-0.450270621318267,-0.2385257677744964,0.11435564948903343,-2.957164125973848,0.5529997237845039,-0.9537190657213448,-0.28906007674035383,-0.6773628277449002,0.7484941921595968,1.0247268059097352,-0.11231017366011722,-0.09937634591396155,-0.0389051342876428,-0.01571571191272504,1.0010062319624518,3.0104095267194553,-0.17196732625279026,0.5684891128778315,-0.8467463762352369,0
-0.7552629885439418,-1.02024576422267,1.3394616165207873,0.7035765461874621,-0.3848830251626542,0.21293123258631116,0.764484122034156,1.1960032589053646,0.4085042175954138,0.09195655859487263,1.318984206982632,-1.1034938751634136,-1.921844607139921,1.2561952159829843,-0.4492407185559392,1.336974073201268,1.91950093144902,1.8539149984873975,-3.0121397291839362,0.8009910567396837,-0.5089165252212869,-0.6524018337200518,0.3719884432608405,-0.6266581175978817,0.7492691114873162,1.3213296139184783,-0.2020076978119164,0.358954273487854,-0.4580054520544005,0.4680027371849588,1
1.4172179996047416,0.40996961332472925,-0.11906641648667586,1.3104857378583659,-0.4069141719793695,-0.38219315542087207,-0.6641636599272822,-1.568689319970853,-0.8600502886327924,0.0550119938672743,0.22920146812765227,-0.9676667133673353,-0.5102636559695995,-1.8925587439327722,2.187117501945797,1.4667362324631352,-0.7157809749803205,0.13753048182994612,-0.879647360414136,1.0244095520683438,0.6430667233495433,-1.3142416164368904,-0.974123761239503,-0.06960731581856057,1.3843086700098959,-0.3790993569366776,1.3075421293606222,0.31088299438566375,-0.8325993003755188,-0.41810982571201905,0
0.6323792092254963,0.840986944236303,0.9317299931490259,0.21411156888395114,0.4457806194762677,2.256576390900339,2.407055579538346,0.04737311877712463,-1.7680435920812758,0.12932020930230836,0.11593553824048376,-1.2624485020270308,0.12460311874311673,-1.0448235784237263,0.3767696616493049,0.5949695331962025,0.526926573423817,0.9892123079801328,0.4693514457012601,0.7886333681511761,1.2919310464030582,-0.44192848440346466,-0.14389898517464023,-0.3553206045507132,-0.7452851658262557,-0.29830323796799924,0.8349481814027924,0.7271515649482196,-1.6942520480443164,1.7154600424581288,0
0.8470700824006518,0.22762279248253736,-1.381192993355064,-1.1853308119547301,1.5030171041779468,1.0044920302555738,1.1286469903596805,-0.13262361684445115,1.3066087220949474,-1.3696075454360763,-1.233395809266478,1.0086670886080629,-0.9176147238323206,-0.03988028029391632,-1.7749511334004147,-2.844359494725467,-1.0215877840525973,-0.3788249340367711,-0.9248551787023113,0.6204646942946005,1.0108968074251918,0.6100879216184106,-1.1565446081318744,0.5247451451465337,-1.2282315233387022,1.863284812641122,0.04880507606758401,-0.8558694526362896,0.05288843988918201,0.16820975180853642,1
0.7075219973725493,-1.8880354108570703,-0.6961617368913705,0.48158336440374744,0.7787945638228266,3.270492357423387,1.3783524296812866,-0.6886682272315712,1.7742533723107046,0.5799288639075155,1.36649358571281,0.4667564629336345,1.4370777985673893,1.082861975568079,0.5522941599608465,-0.43833336824815416,-0.44154474413789196,-0.9499593727489819,-0.07438704859628084,1.1072245162383614,0.5810336037068922,-0.7750918491640073,0.9681200759813277,-1.1760400466549559,0.33243016140237375,1.3948379821643215,-1.1760862931828016,0.17051625149717636,-0.6986285923963066,1.628372760945562,1
2.2496359717047065,0.555294683415295,0.8782150949288884,1.3663476722307686,0.7649237420891961,-0.8233760998657091,-0.44482842965228325,-0.45197112338040984,-1.7328992326369592,0.9778665563494661,-1.251732425020395,0.8286056560403038,-0.7268709127162325,-0.22229251777841194,0.5581035302930781,1.527547415605851,0.869462039150779,-0.11789526396794119,-0.034199309838136904,-1.1770650824951499,0.6367287813189312,-0.08205050184305349,-0.9304062947220476,0.778232638569442,1.4192555089934482,-0.1783400542388202,-0.5624785864943027,-0.5782023289307834,0.4016473036425111,-1.1923828191590442,1
0.07552408819732115,-0.40601477439876216,0.5054579412589902,0.5818484678844813,-1.1226996010234551,0.6677230743284468,0.4577699891105191,-0.19059103854948423,-0.4305019119792784,-0.4247485251446784,-0.17115773679531526,-0.931315162386648,-0.6843477078084012,0.2043381287095063,-0.5715602007432319,0.8781731196596572,-0.1312890448277837,-0.47488868805740675,0.33151312696449853,-0.4059294186853789,-0.7797140820300251,-0.33794257667384825,-2.0423958356706686,-1.9708102686812146,-0.9203168747611824,-1.1936768811012166,0.6500966476930724,1.2598439039047873,0.3247948818036957,-1.8967036641329194,0
-1.409770486877609,0.35016378353374694,-0.17168601079278314,-1.8565842083968067,-0.8573253251770723,-1.0748057866569962,1.4570208082854001,0.7052770563271483,-0.2874880199220373,0.22874130965968417,0.1457942652342589,0.07918329855680555,1.8266409637045347,1.4087802294986873,1.5249015197766955,0.33078800899772015,-0.33781300145705934,-1.2406635369845886,-0.9953083361455073,1.0141016451210079,-1.274262276074163,-0.17950358449618725,-1.3851991562474224,-0.09732870512627759,-1.0613707546461304,0.6639887694530695,-0.2439418917088323,-0.8089607110478091,-0.9563303585613353,0.1338016065262075,1
0.050712122553717716,-0.5522505961377844,-0.31816850266131985,-0.49284524632875004,-2.178889699799566,-0.038962001691083395,-1.5558079362011132,-0.8873963273946308,0.3208504765003436,-0.23960098575300012,1.5280256738747393,-0.7972857326619411,-0.4111894363640764,0.16225416119475555,-0.03715708667788604,1.0476537192057338,0.6401148924348936,1.3881931992417194,-1.615735051912476,0.7862672679180538,-0.981353355208731,0.4446025531747288,-0.2438109909218961,-0.6887029138002826,1.1739774466357558,-1.6774268002610075,1.8128943437015939,0.6311646792371267,0.16909677054241223,-0.14859197028685617,1
-0.37060273488782225,0.4684970518923887,-1.3937518540649936,-3.07317729796619,0.08570276547342351,-0.7458969608613838,-0.9160298736206949,-1.57561080144377,1.204226648544261,1.820613425241698,-0.051726543484572785,-0.1556553096189777,0.42314430645690276,0.3633902088658508,-0.5202137933930855,1.2129654385787383,1.1323566739704976,0.7429087416307689,1.7781189113525981,0.7742861175946044,-0.6562035256985312,0.07906726308757868,0.9399342227100185,-1.051544294336487,-0.2727856025172428,-1.58317723709026,2.011538156116135,0.40723336657452486,0.5963439962841196,-1.508509362651451,0
1.1120078768802935,0.31104878627209465,-1.7983952713694138,0.4567679630903119,-0.9778253619995597,0.05652751917601363,0.7527654037504202,0.19491351203390503,-1.8441313310248928,0.26451270529410836,0.8522355470506263,-0.20035442766437467,0.5157567673732121,0.5325839288842417,-2.0212289418902993,1.2503500296418295,-0.5596387957736833,-0.7244846328309079,-0.6949347390883752,1.2304622025435736,1.4736914419435565,0.4723881990570368,-0.4810697971931357,2.9091196385967284,-0.01792722296067796,-0.6525793324154974,1.024670479141395,-0.12110759386935807,2.090504519555602,-0.8463379962093082,1
-0.18078450283036637,1.5328080018911505,0.48813507999333866,-0.2963164302755934,-0.9225703655739551,-1.135958555688733,-1.2947324766350907,0.9717952880926909,0.7856222658932116,0.5210721493248723,-1.1050243951711742,-0.291062465331897,0.3261286852603695,1.260691081461836,0.36101506345106993,0.13190977125554282,-0.928277344770151,0.9016768414575571,-0.27833383938570067,-1.409744104423248,-0.8845472155987405,0.6835458338181382,0.7160518885268989,-2.681046107870891,-0.09153576950674266,-1.2925703309558685,0.39577481457394925,0.5884803133978428,-1.0739978452461971,0.009881290359578795,1
0.8360981992002847,1.023647212530091,-0.8453622043802214,1.0789666956454387,0.2579234543780825,-0.4934763487157868,-0.0905564411691273,0.8002155912440635,0.7830966472597174,0.9075316680031824,-0.6725224642738539,0.22422913665891028,-0.2398267317159912,0.2120239042317085,-0.5069674739209357,1.5874112267490599,-0.018097092489027137,-0.1390329204680569,0.4441999425757419,1.1090280523506046,0.045177983514222315,-0.3123149861327652,0.8901678357114085,1.741595847217797,1.4208277458666114,-0.9839919028561039,0.7729074123202035,-0.07010738967154793,1.2737565113996163,1.8333664406503594,1
-2.373510212584356,0.013535826552077239,-0.45657862427810686,-0.710797450778425,-0.9230634441582005,-0.44687909065755427,-0.28943712955755685,-0.3507078173241675,-2.022029152366862,0.12804429632462555,1.055336018315086,-0.5578333710111756,-1.6417759737533069,0.09531556169127986,1.0607018776958368,0.15699062425505986,-0.7270905273138061,-1.0492306951017014,0.7060018531200541,-0.2319653434175307,-0.519113341366122,-0.6072246240050087,0.2199574966714161,0.11694079836274932,0.05430936773479909,-0.964846219447845,-1.0253509765422926,-0.6506907496276656,0.2901122011199714,0.5495171188079246,0
1.4666016674778313,-0.8366825641782094,0.7255540570778761,-1.7197649044621832,0.3501701338888275,-1.512409240746376,-1.2254339244990753,0.7529834355839646,0.1528774807821764,-0.31700258876856113,-1.3939981024161006,0.36910818739210755,0.08655676643674783,0.7234147656775414,-1.7366310054785579,0.6201171728940792,-0.5422213522799284,0.291115276173112,-0.06271565195972227,-0.8512590315218076,-0.4119024686165568,-0.8770585005672167,-0.5252334579380477,-0.9090853459699351,0.4015728253432596,-0.8598775604977879,0.5577700471310926,3.265758290671734,-0.25690246875669615,-1.5820270251287296,0
2.1040344773654125,0.3490018791521449,-0.13015745817216912,-0.37448425617929637,-1.0511743874234531,-0.33856573545289403,-0.779899696674242,-0.7706792181040797,0.5858890101265717,0.9712811942212352,-0.2257501446522378,0.5020139835995769,2.095594911396527,-0.840661662417364,-1.6338321651520917,0.8327916124183021,-0.7337759283204317,-0.5273863259788616,0.12304229345322026,1.2391325988658681,0.1310316720150038,-2.1195016448753004,0.3582335956085789,0.23155164437183653,-0.8602337699705921,-1.7022646850760164,-0.38222988429819266,-2.3030781760875114,-1.7867457294174554,-1.350996891889344,1
-1.2526089087741623,0.8791662030866634,-0.15081215571125298,0.3485451794509478,0.20809328732743587,-1.5386786283390532,-0.5636650004579888,-0.22822916605648605,-0.13298435079856666,0.4790178308574619,0.925076507788623,0.36982181672834874,1.7616653066364625,0.43851969587553596,-0.5344442054627639,1.284077455870448,-1.2195642563009552,0.5341118278277364,-0.1501442304439377,-0.8581664954938485,0.20928932532161523,-0.2854800780946337,-1.845746536694525,0.1841986629663129,-1.0321871887344378,0.12248367318820855,-0.12715656326686936,0.43052781540282087,-2.2724224053715276,-0.9908988415377009,1
0.10744540787200998,2.8829974556041376,0.13882289147874857,-0.44003368081619215,0.873128573760179,-0.5890726992584356,0.4325960273960966,0.05199563697589542,1.071997718238899,0.6616224123708044,-0.4791660264320403,-1.5020614126727119,-1.0692005688457817,0.29640044757365724,-0.0517848857513356,0.027283108016104292,0.2541573434682404,-0.8188521603694852,-0.10446177364078973,-0.010000354650232064,-1.4377139050939698,-0.6117325289521727,0.3914275186263539,0.6989746728197844,-0.8077795308674545,0.4994286609744691,-0.6144471975087431,-0.8790853150894344,1.9101803427743784,-0.4150664077178391,0
-1.4748474178061992,-0.4380351082141615,-0.26625611738838584,0.9127233813771269,-0.35899028330289406,0.37839765932525293,1.0627947971312683,-0.5834446925829601,0.2909143210215852,-0.06295908970403925,0.22524664510226322,0.100926544032454,0.14614042075581096,-0.28554123480892973,0.025163665606677755,-0.27280467273267667,2.3312106032763245,0.6051637589692321,0.0022925585465915967,-0.33791292919034877,0.9786943920627633,-0.815322198154887,-1.2833856954225733,-1.3584687818171068,1.2974919342611073,1.2455508359369742,0.15982810301936862,-0.5602650604413003,-0.5494979181565495,2.0420653563217583,0
-0.09080124595096231,0.3430448824098732,-0.4399760448287708,0.09041717781107017,0.3778579741878496,1.8062568288524645,-0.08694378874345955,0.5166677475198146,-0.35730604930751575,0.1861949119531879,0.3418801482525316,-0.2045133117711104,0.23689659472621985,-0.7092433869121682,0.5027171875157045,0.055626875850057475,-0.5523976880260868,-0.11741314967146954,1.3074760756941228,-0.10454372254865672,0.4276101511992986,0.42467485739420685,0.5797953780920363,-1.1046166228576408,-1.0351935761832227,-0.7483046331327826,0.6068866149439963,0.26195432832024856,0.2117309742957563,-0.12089771935028881,0
-1.324726140463913,-0.6003793213070857,0.21116696882784722,-0.1704685784615008,0.178668315780368,-1.557182345111867,-0.013204987111065589,-2.087131839080514,-1.3039576755219968,-0.971321096825757,-1.8427035907156868,-0.801571729608652,0.2768932465073156,1.1661564715934378,-0.5354841201839903,-0.6567111920251363,-0.12027417627933489,-0.2680625980026798,-1.0129446774235267,0.5416087335146713,-0.2942994147622432,-0.6590203996407773,-0.5687940964087548,2.3512891165379872,0.7747514671745848,-0.3394966557474645,-2.436309742824435,-1.7040603829750816,0.08649079215059659,-0.29070299176411457,0
-1.152103963171404,-0.13196929476919575,-0.7446987362624987,-0.6411755813826406,-0.1733192224380481,-1.016119012419691,-1.3856774925224036,-1.3543335357333535,-0.40505045742314627,-1.5831074627550639,2.190214724709836,0.9334881585368937,0.7197988639416929,-0.8851218328361331,-0.8482608940551611,-1.4161639863582998,1.8383955685523088,1.3433904899585267,0.6723211996744369,-0.12105394542659326,-0.3882170868411356,0.5059147189088039,1.5977354710535578,0.6428262817779675,-1.1128999993620468,-0.7663718550492588,0.46797833110277487,-0.8636735892674536,-0.470945842402614,1.5104527803638372,1
-0.3141289623800196,-1.5756039836951923,2.8857490697880848,1.0876675812740642,-0.06365485055807478,-0.007264117272031102,-2.126552414090562,-0.39295988742167487,-0.7441439391209855,0.09774308988285048,1.62768143214589,0.4401132095388728,2.0303049222068763,-1.3961745124716607,-1.5422021999394968,1.2420479227252557,0.10403644276701744,0.46730774083625976,-0.026907884079489883,0.19516952673220872,0.6879177439891933,0.2527871334699895,-0.5713256018248754,2.3301990872665663,0.0943366604097716,-0.19946836669339313,-0.3454851953477313,0.3408833571065146,-0.2425698158882574,-2.029133717157594,1
-0.2541404334342411,-1.0832095521216745,0.26749752325223475,-0.030068589261526953,-0.6638003445013624,0.9410493213387999,-0.0705808859006981,-0.3769036235174826,-0.3621060185177231,-0.3844670795961514,0.5068566418101641,-0.7794191742050586,0.07029528929553074,-0.5040432119536387,-0.6430500872576016,0.4726073636113957,-0.9350561415209,0.5207983693031871,0.3096666816036441,1.3273216416394449,-1.7589601789699196,1.0190420128243287,-0.3025279447208049,-1.7876497287608712,-0.6590166124546926,0.5118981213672791,-0.08592180195894696,1.34779814556756,-0.3383381766532817,-0.0334459723751688,0
-0.18491098230782768,-1.0215074299605054,-0.028712857500498592,-0.21918740212172327,0.0876056148487322,0.05932331315050454,0.0016984798031111365,0.09646703924037693,1.099530571043008,-0.9777144661166481,-0.7238761347043027,1.4168317206730652,1.2706646552437648,0.25899482470965657,2.0241443279940667,0.4887789727708859,1.8739016356247256,1.4597439003111912,1.6275370665215323,-1.1485239553216304,0.6682238138771398,-0.08325364033544454,-1.338234286432345,1.3361117389515893,1.1943322094194357,-0.14527099360805112,-0.6177295400770697,0.058024435297681067,-1.814498536518502,-1.3472062569931025,0
-0.2995383600311434,0.6155685799314298,-0.18537043462177205,-0.5558183759716927,-0.8278481650476549,2.4385487934110723,-1.0739041642502434,-1.8278729996786682,-0.5756842076612687,0.5178536567855909,0.10815903888552796,-0.7509564395184587,0.19231358307651522,1.109031126284862,0.20405817839599785,0.1538674932185762,0.15719684240061116,-0.7458148799424095,0.44942697251489744,1.0418713693323678,1.3522303830089921,0.4296834090969771,0.014694195049573117,1.8767312824270166,0.12033497976488916,-0.48411979873544914,-0.6890956156932043,-0.8037362511007715,-0.5032894779375537,1.9265020453622606,1
-0.756699350672375,1.52676282217411,-0.20536592623861077,1.0419598928446416,-1.0786265981072185,-0.0178263524258116,-1.6160967715268275,0.022142532536905093,0.7867947130344134,0.9666767808016085,-0.004580586582260998,-0.3583980170314864,0.08717255825943794,-0.5720049428603788,-0.5734019019271519,-0.40817603095413163,0.2278756337642988,1.4361747351464513,1.2989624620856528,-0.3186593981775067,-0.815326464889871,-0.7327161604233752,-1.4790323727483392,0.7279688313942579,-1.393526145404493,-2.2578017011677196,0.7289420644613467,0.6854776547267812,-1.0809152919706428,0.3025955387340118,0
-1.3185661837284586,-0.09737462864654775,0.35889660700928483,0.6935916964817498,0.39618735227283963,-1.8942052724698824,0.30221150879504044,2.18088012085075,0.39275107720282953,-1.3851440810013758,-0.7101390102381373,-0.5116079700397091,-2.331614889595864,0.10062392870287937,-0.35040685905619345,-0.30356628560988486,-0.1245198779678599,-0.7220870652962595,0.8550226175466351,0.18395595565990241,-0.5337816708776976,0.44497732570647025,0.3554909570905748,-0.9549898635462258,-0.1729492414932603,-0.1744197128327525,-0.5852320580301685,-1.3567281886043006,-0.616261955215969,1.2663403292912816,0
-0.6490159052310959,0.8989850938978643,-0.035304758723629086,0.16767053712645497,-1.224190737816975,1.163948072449446,2.0601595203382184,-0.6981889706555503,1.303517245649598,-1.2692432874594684,-0.053807406623551136,-1.1723087237596117,0.3774001153825871,-0.204088560107882,-0.050830426007030624,1.3119437839263282,1.2435256242688908,-0.17220011881878525,1.1072952849985969,1.1503590992730988,1.1094594289656554,0.14774396882471671,0.33059032295119606,-0.2836484306722902,2.3340186036833694,0.39900449696548607,-0.08214726037746994,0.5031561916498383,0.27162533233273817,2.0624354417398196,1
-0.02191707431189793,0.7656781877604623,-0.11948222995957768,-1.6874968803759607,0.00146337785154463,0.853467362799368,0.13595365019884945,-1.1562418814269166,1.5852682137493896,-1.1896941642917034,-0.7729802326502252,-1.125054454841886,-1.0362940327493027,0.04499843828644571,0.6109591443860034,-0.5869402060671146,0.5643435373215401,0.7690798907071917,-0.3289404230668314,-1.5138046565396424,1.5139577191309643,-0.6706315317646527,-2.2100773556682913,-0.3890399934611727,0.5837254513497268,0.7336088871437448,-1.1369813073942319,-1.8487079996041584,0.30589891325996654,0.5169185188614688,0
1.1179216404575767,1.0032214790059968,0.14667368279616705,-0.9185878139290576,-0.4826245627527641,-0.24295758961378958,-0.9153565844635783,1.0809759726340844,1.0278591725397515,-1.3959646598345719,-0.3216786850186118,2.0621795674869676,1.162882667165321,0.18821315591920265,1.095876144702225,1.64939439336666,0.09461049938334082,-1.3569209704827763,0.8596714251141628,0.9114729184321336,-1.005741729898254,0.26051140486440433,-0.7906607050559843,-1.6447405163950308,0.22069948878935314,1.4521359996967975,0.32123669116664744,0.17688474901119988,-1.332631226954604,0.628274947456147,0
-0.5535325797635506,-0.7779862488323624,0.8822300003034275,-1.2156160780259797,-0.21182131550736122,-1.1478652570895498,-0.2994822866166297,-2.1921993235487176,0.5416074996876918,0.39017909638349657,2.176838018357687,0.2423391030888704,-0.9021766348065031,0.9916713955298866,0.9689006830412491,1.3067167917875127,-1.9607819506561355,-0.7010662350956945,-0.9075672485983427,1.5286142436283858,0.8055415600043907,1.1304565126625632,-1.0849486974994642,0.1325691328613363,-1.6273504356748176,-1.1023084549899709,0.1235285310855199,0.22170740183624796,0.393356158008779,-0.6502842444104747,0
0.42537259937331434,0.004610653250364213,1.570032377099948,-0.4266182063096213,-1.8345451172040392,0.6167740396892407,0.3358489076433756,-0.8898479715035699,-0.32650094643948346,0.19392727990442155,-0.3793991936051957,-1.1104486809246328,-0.19970870728217982,0.8843333014512376,-0.36161830370781695,0.21176030558451228,-0.18146780613683075,-1.2350669576501,-0.10636281061775847,-0.4452501711260947,0.758522760195577,1.235333602713092,0.8816949867739097,-0.735168565748204,-1.1628022976506869,-1.5136973867422139,0.16936409114888765,-0.7091660220176577,-1.1129302023583465,1.9618904383257065,1
0.48621533535105,0.3361767433302847,0.2862753993194925,1.6187751061005171,-0.16703756231409356,0.6178214367108462,0.9033923870652917,1.8577424250647527,-0.0014701363428615138,1.2346019275767963,-1.8284134301926558,2.1173938222388835,0.4226077270212649,0.7552643918183838,-1.2838850395273982,-1.3485806353547862,-0.6461694272917509,0.019804417949716855,-0.25450698967172974,-0.4099817327355612,-0.19691432229551453,-2.334648432903128,0.42651289848529966,-0.1698356789948283,0.9511075732307411,-0.47588498425126524,-0.37202269400353505,0.15808569326957103,0.6840268215768511,1.1506537600585223,1
-0.040683424905821594,0.42855466882033255,0.03306995051474992,-0.29387501644612113,-1.9224364496606374,0.20593123170975808,-0.9106724011469379,0.8707431836541557,-0.868129120773943,-0.56821679872475,-0.8219414682442322,0.5332414429574261,-0.30322105817876127,0.5683446757807048,-2.6702271284784844,1.9941523706515514,-1.0103135248567563,0.7686781736745383,0.49995247221075756,0.7116728188696327,-0.8178015514821626,-0.33896864186454323,0.3983706869255614,0.0039503234471526,-0.909338949771676,0.5733632194949106,2.283721840669132,-0.4217547578394051,0.48814806757284435,0.22785719527065695,0
-0.3707988288531439,0.8062840155617903,0.7926204527310885,-0.54981396025469,1.4329955611747143,0.010677929398177643,1.075558548381656,0.34433529467894797,0.039582176729394875,-0.008306989649794497,0.6762101655267039,-1.0999328150589245,0.37132636667446534,1.3102170461348361,0.5105803477883324,-1.746698967459786,-1.3830431676549995,0.021010181016552415,-0.7869464105205086,0.8896746006465885,-0.47423863222674506,0.5513167622466304,1.9393662143129373,0.023015086930088403,-1.0118098032151206,0.39583017564580286,0.2827329382637853,0.2500315756541496,1.3680270104809766,-1.186163002890721,1
0.9994872469229096,-0.6061873673699063,1.3805927143352168,-2.1222633329148812,2.230617842299115,-0.2708212499945207,-1.2102786767469311,0.9075475656202611,0.5116418484221434,0.45318904021769063,0.9295989277346278,0.03639293018048878,-0.2925602865916899,-1.1593916697846813,-0.11385102713203896,-0.511445758971778,-0.008365226447497796,0.11292544782587044,1.7373739698838102,-0.7473120128361594,-0.1410541237345928,-0.43540849111529684,-1.402888383967177,2.9117286334700165,-0.936127994294005,0.3693998456961535,1.7002175277957596,-1.2393795619138046,0.8760595453385149,-1.5393845143937046,0
-0.802399510939533,0.5613159475727262,-0.272721379706735,1.454518995108038,0.12850457522107214,0.5209967408572872,-0.6898545185509769,-1.0385380838372495,-1.1559561749707201,-0.9349463051504725,-0.694947240547069,1.1570997301590862,0.4034019312289863,-1.2777315302699095,-0.41186708393120247,-0.030359080123236997,2.9334520945796987,0.00857847187967956,0.45362837192777467,-0.9923667147335113,0.7206488012121054,1.3804492484643234,-0.15082066576077904,0.6154965327883579,0.5754797453182802,0.06945345233699242,1.2909681507550168,-0.7986893126542692,-0.8721761929019336,0.004450405359671165,0
-0.37333958458391336,-2.9114859425829245,-0.7313358601238898,-2.1300722101990512,-0.32060206542942304,0.7132338643090053,0.054141001091698414,0.13343064525223097,-0.15555951271208615,0.21168195656394406,2.824932360751253,-0.3521358682247301,-0.013256111347752132,-0.8645328823104445,-1.9036914724143745,0.26553228064013523,1.1317440650892479,2.3200471094186863,-0.18754248644331387,-0.25917843410325025,0.9355367504589739,1.7121942456607484,-1.2357270809640188,0.6645614606338417,1.8278543085069847,-0.2489527663569218,-1.1581472631736716,0.7852089964512324,-1.3455245628476584,1.1903257643480702,0
1.9906717601105208,-0.5001158236443324,1.6580359309181243,0.6312733148535311,1.3859617977947436,-0.649874192379198,0.6234098802740308,0.242183993654239,-0.7856231703619004,-0.3519345475012189,0.576118484728053,-1.124927099186805,-1.2014500991349168,-1.2770799218808868,-0.775690261123371,0.28628723585460575,-0.506541047270765,1.277693296994706,-1.444019732511765,0.5131005913816612,-0.3669622102572017,-0.1047719757484508,0.6843748811686301,-2.634485522936631,-2.1377341980866547,-0.0626644835156758,-0.22249436692277513,-1.428123794451288,2.00518751061883,-1.158594187114681,1
-0.5322995776495899,1.149999419677319,-0.6750889837854201,-0.8678481376652015,0.3890657516108559,-0.7431047150682665,0.39484726791277036,0.513075878851271,0.3792607091986513,1.1789711459120698,-0.385859701914601,-0.5040546709556902,-0.08552812744947476,-2.829753381146506,0.21368291933347322,-0.32964094015537226,0.38245620425124843,-0.8963207545806072,1.3452814550763001,-0.20775807879871333,0.8355600227272293,-0.5074928750349874,0.46669095724259524,-1.5552059116116241,-2.196522252599841,-0.20691749107997806,-0.020124950769551644,-0.09618502709821881,-0.2892022170796493,-0.4015788325914954,1
0.6753647260062956,1.7838935023560494,2.5874108230590545,1.0944997408787727,-2.287645317258164,1.0508914455797076,1.0381608760914243,-0.10075684693489861,0.9272369828183601,0.36016183013822406,-0.01473780646742745,0.25324683585353136,-0.554097161058486,-1.8397650359106001,-1.8774298829102134,0.9169673466297447,-1.0258118490485226,-1.5295094458637,-1.5498748491310672,-0.4760654859906603,1.5158769301401929,-0.14513362181502062,-1.431125751911561,1.4817202324135677,0.3265993636968886,-0.3465164617068007,0.4854558806783743,0.01167412289990954,-0.7173509636803415,-0.5467268094738059,0
-1.2368608752792842,-0.4697182342033181,0.9303478524753518,0.9029543753532613,-0.175903209929273,-0.1649340991145428,-1.0334862216668947,0.3959847763982864,-1.3832921645825151,0.831752231954998,0.4186837044521078,-0.26516895575790284,0.4354603184176165,-0.34120140202147314,0.18868959436855962,0.21485468434589822,1.1666086644176463,0.48943204854729827,1.0486431975203816,0.3931453683854002,-0.05735261418680217,0.514796566593449,0.34492545474121,-0.36121995354612174,-1.4076455421249217,-0.5222360092697284,-0.5296458671796735,0.555240845372948,-0.06507764383153149,-0.8125287140916128,0
-0.16460804191195405,-0.320628984318536,-0.9188270245167383,1.4671015026562841,-0.18619600580693693,-0.791800393226538,-1.6622444910030552,0.08746574375464812,0.5181027429144851,-0.6516198046373133,0.1402886312044867,-1.09137990289908,-0.22933738498213688,1.084690151840046,-0.2334889407084305,-0.6442786758587916,1.342186524792058,0.19783048821100327,-0.5031040973650653,-0.8655797495006549,-1.1488774865993703,0.4267823038473397,0.7670132953535387,0.00011093342495307128,-0.19842314854601945,0.5882872571493437,-1.4179755437800954,0.0758930759625619,0.017219460542563222,0.41464212238228404,1
0.4789184989300541,-0.40796835942202203,1.8544175289394935,-1.0846413908890402,-0.47650449358489816,0.8580388767390502,-0.6349202140117377,0.1114344046613751,-0.5324949360823261,-0.39129873222998623,-1.294460133399703,0.7607597458289509,0.7829965737553881,0.7795463623221925,-0.4292915198902252,0.33215187284344944,1.9951373120582652,0.2901708283912944,-1.1562009486401725,-0.8540121204269792,-0.9011872090456262,1.320889624909402,0.39430571165615674,-1.5740052744710835,1.302929129180782,0.5666652173252698,0.17441259034854323,1.5172624915492794,-0.22904297030860668,1.361937983633131,1
-2.20955106384211,-0.7329905281659371,0.7917850920621085,1.678203587949464,-1.217784072511071,-0.4180827063661586,0.16620968614612533,-0.9394022180024749,-0.263254707331392,1.5824552689848896,-1.0313849933652413,-0.24037560194142915,0.2729882639789765,0.465441704289052,-0.8647408092476674,-0.17829585386064978,-0.2898429641300098,0.3036319108841625,-1.1761665952048714,1.2714149660369312,0.25804149128796044,1.0671097426101797,-0.5712543068919363,-1.2201979576707183,-0.9545414205035847,0.700670648509061,-0.44079213848146015,-1.619833618474875,0.18049469358834835,-0.3207871408964717,1
-0.29532964383362226,-1.7102176229316586,-1.5089902135260391,-0.5479978743772436,-0.927533730729469,-0.5693504595663271,0.8325139452205934,-1.0641238595967084,-0.9057089589889137,-0.5271131832547299,-0.9633471160040107,-0.2154005699630274,1.0276476770227907,-0.2874926875250808,0.25821568591132477,-2.3211298145286596,0.08153833426633238,1.4758157901398277,0.09826232924990105,0.12820372456817758,0.28554608249376956,1.5680076394688893,1.3537787350013348,-1.0219564238755552,1.202633040566103,1.3760722844867195,-1.7101367080439653,0.0261170118328287,0.525550038150812,-2.800373486123441,1
-0.6803643249740412,-0.7157746300925061,-0.6451081592306039,1.0446323555177073,-0.056554815824350985,0.4211882912815152,0.08944811968382854,2.4681138224571635,0.9964200772421916,-0.017569360091358024,-0.2640216219317992,-0.6965390171621181,-0.9732127340539188,-1.1969068022808644,0.982049829973566,-0.8950044036282923,0.6420342938816407,-0.5035241158537781,-0.7510917220745083,-0.330260900583865,1.7919121789883905,3.0376823167064617,-0.3664953881124902,-0.45817898600933354,0.9550102278298581,0.15269537724496487,-0.6533075851166418,0.4907819451460078,0.7675201166244856,-0.2400167663582887,1
-0.21206192827338774,1.714977333744509,-0.8208514290115145,-0.5400347815295529,-0.4625401081659266,1.6990546553386214,-1.9766756203180844,0.8224099147775957,-0.02949870974113166,1.813490222064896,0.3556290997268603,-2.1513873183048173,1.6114885094335254,-0.23600937616047915,-2.0406867182288306,-0.40542541696448636,0.03610260574558234,-1.0491501227974618,-1.5313960643309177,0.296591569338166,-1.243818485586066,-1.0259541444090945,1.3573367525589177,-0.3305550198002088,-1.217202312850353,-0.8955824316273143,0.3862075257729289,0.4219196894324983,0.6657130219881913,0.8042769980169081,1
0.33352318557289745,0.608021359747988,-0.4756143708758159,-1.1178200313511983,1.3579631082185002,0.8802546380391805,-0.28143584669907673,-0.6643663216726232,2.2861396051399088,-0.9044824167198157,0.2272297251394962,-0.6702410422250562,-0.4111899223788488,-0.7502313416225231,-2.1641902474479413,0.3901628838675996,0.6567872839096318,-0.6646246387297028,2.6062981319686673,0.2833006457474991,0.16727449984008688,0.38695057094765484,-0.5929734583339679,-0.9776071165740556,-0.761345431797889,-0.5450882988086506,0.5606463355397147,-0.37779467994632043,0.6187294267142923,-1.2615915587303597,0
-0.6442962508776673,-0.7122936758587924,-3.817043386176732,-0.45796727005952165,-1.0376060487532448,0.457117230764179,0.7326160935850538,-1.4002605012085823,-0.24544436553807672,-1.2797193467947887,0.3244866743368817,-0.6870326165983344,-0.5340473006049418,-0.21679375201240955,0.28591620884388486,0.05510207639407414,0.3932021320023371,0.7187693955115204,-0.1331116273648204,-1.0355937624886569,-1.601297270202882,-0.7628344490774678,0.22484556184526913,-1.3830838426039833,1.0737841864702413,-1.0508868689149498,-0.1129071052579376,1.4763252341696878,-0.18224539742448365,-1.0920865079618542,0
-2.510150262047133,0.40615179682576114,0.31019073474416553,0.5760865945033519,0.11309065490808332,-0.5364822104149858,-0.7863676822672049,0.041724113938053,0.9899651583188195,-2.9594310430384745,0.9386919258627542,-0.2904982417620496,-0.16725148380491323,0.6952395041246004,-0.1707720372613156,0.22579149409672594,-1.6338882301881328,-0.2774210489143237,0.5064056399106713,-0.3916461649300275,-0.33163652434734425,0.16404597328578763,0.43109981345362147,1.5216594871648113,0.439557973933729,1.3515158318185483,-0.09700876292520953,-2.3685517813653703,-0.4281048668408384,-0.8100825054754692,0
-0.06304976634731027,-0.3211758477064742,0.26340195519900717,-0.6703378809270369,0.2156889430868662,0.3697137905105237,0.03541965239993908,-1.4632931797029793,0.8937656271349408,0.6197329593932938,-0.19131112250069965,-1.811148097200477,0.3020189280331988,-0.527907442135415,-0.5495347971450822,-0.07825195843334301,1.455305586026682,0.1469384702340169,-0.11066202518044567,-0.5214841357195397,0.031100452266175065,-0.0011289196078072019,0.6030285543076275,-0.5314770579187611,-0.8120542509372368,-0.44286518747424736,-0.08705791880511908,-0.02123454676400638,-0.009755879812213418,-0.9909484346431571,0
-0.08544851093228646,0.6836291303520093,1.2722533209938784,0.984417468663068,-0.060776664945566446,-0.15831094238234608,1.2430459098176798,-0.10987283407266582,0.8671184111769117,-0.029096049241025494,-2.399170349432742,0.6640199885720821,0.9662539738884932,-0.3280683708529407,-1.1572908634678258,1.521595052990753,-0.14585642272769378,-0.3437771678543932,0.4488723399151374,2.736303861319979,0.48411266315815965,0.17825302460556686,0.0697802255666947,1.654105798470763,0.5273247157168571,0.8638168727755547,0.30393047995378664,0.5358577421516995,-0.2783965151747273,0.16932560698344462,0
-0.6861218577694261,-0.5080270514231959,0.49044232708515567,-0.7035958457305432,0.1305044396768158,-0.3676292031364777,-1.1241219510657203,0.2277547293969179,0.7754632600668556,-1.3152231424801808,0.6089555751724537,-1.1150551082290894,1.3555558184119185,0.5670600384882645,-1.315271900341727,0.8529745130737404,-0.6132404238936633,-0.9654402043652893,0.7217600860058532,1.2067625755010893,0.47631940646708415,-0.37163171481974905,0.1695620551780997,-0.582156979489108,-0.17437951666219603,0.40807329720757823,-1.4262893239895285,0.44630967352243733,-1.412469650407071,-1.273757534215261,0
0.6538512688967637,-0.8440603363477923,-0.9910623670533252,-0.29560434047266665,-0.5913753251314429,0.23138479746311666,0.17466564177909466,-0.9855828664492224,-1.7109621365977226,-0.2028351214043501,1.100521587181418,-0.06582913789917483,-0.3476024899550309,1.7303602608488844,0.7526072861114274,-1.727635673873627,-0.2789701355638206,0.2230621337019695,-1.0676325490181358,-0.2929119552035435,0.021296100148768687,-0.22372516968060488,-1.2107954104027312,1.4682070934746232,0.266822004681764,-0.8592107623315611,0.8760884717773774,-0.08100349605113986,0.9917542645225325,-0.10429341883783558,1
-1.4761239535150887,-1.0671897069924268,1.141081971477992,1.032762377310985,-1.329341028911255,1.3930373746536744,1.0257818953960385,-0.6342153367182517,-0.07805242788287203,-2.2027731601451923,-0.7007606758832964,-0.21144303477643825,0.3093094624770694,-0.11576945735491002,0.13874913415422774,-0.9681916997339345,0.32384896450622835,1.6831504497720835,0.4394457503541229,0.03390760842942217,-0.7405751405024723,-0.35650858607960056,-1.3121117105551001,-1.445631190981684,-0.07006245028933247,0.5544150904498288,-0.8556597617232617,1.1957569994981763,-0.5608388104885306,-0.08992195230327917,0
0.9454794313931538,-0.3130778692135959,0.6275805905483132,0.5726619792762062,-0.6739300263626027,-0.6470531946261442,1.2223731117459282,1.3199479209218918,0.6255374057069172,-0.8677336947747675,0.8684771855627917,-0.2780750242191439,-1.2686684553097078,-0.6366956502618106,-0.22372675283123897,1.0865493893526113,-0.8025253518043791,-0.9657503194601231,-0.4827549821029738,-0.12189136661454662,0.6730249815574983,0.5704239151524068,-2.2495986860015633,-0.3558155195766739,0.12390542448235602,-0.8703965628211299,-0.7804456865887441,0.6245813299020042,0.6831767787420925,-0.1772066213758517,0
0.40193660720214014,0.4631873348328606,-1.0968195708332362,-1.0834315007081383,-0.3932491939792185,-0.6929907859896312,-0.5966725010210553,-0.09512909389161918,-0.09166989011549936,-2.5604577739705245,0.09560156756735905,-0.25193877892334093,0.2256210043499792,-0.640935440026092,-0.6354189793594314,-0.39054023472058585,1.068569544512661,-0.41679681938458857,1.1108313117383282,0.9771019486291329,-0.33837723646787793,-0.5110415625253629,-0.47618355177205707,-0.14406679693030733,-0.5588459097798524,0.7357136546226802,-0.6457086775790725,0.8630358598168483,-0.9324947492250153,-1.6673938865926161,1
-1.7971480029549773,-0.5403468377325437,-0.807575394176869,-0.8527454607381413,0.9830105125338988,-0.7315176571855333,-1.9655941030860518,0.5647445005404002,1.3360673039552224,0.44986054566496,-0.6701283098564069,0.1715976395657313,-0.803317602484914,-0.9716062454614908,-0.19761504329195675,-0.056979202115990904,-0.20278569508994151,1.6716618873952178,0.04279219816476338,0.9597401114818659,2.231882521134898,-0.4735429950977973,0.14858430691592145,0.8169735687081522,0.12206179016447807,-0.27711051919478125,2.343526952389155,1.1983481555145712,-2.101686820402879,1.3573447499131661,1
1.600339288501183,1.1953526730492956,0.7506631675776512,1.5509527332718613,0.882626846422027,0.578723610243244,0.13415030090985386,-1.0716045035915664,-1.3727292398766249,0.7729549560873041,0.7550538588513658,-0.04271341752831562,-0.8566653457174287,-1.130019009284251,-0.362192355585462,0.701873209510385,2.2383970509020945,-0.02451130346800265,0.28775604248072967,1.1259443694702633,-0.06381946039805207,0.36874821311214706,0.821983533413152,1.1020267422023777,0.05413754085686254,-0.480591330981786,0.20410231166939172,-1.6973068941788014,0.2937060510167577,0.8668876501883923,1
1.6982389277865035,0.9246462340169596,-2.566043061174605,1.3917781393842896,1.4669493128533355,-0.920635332837652,-0.40062046982398675,1.4390684655252124,0.055560842496194654,-0.5875371727259994,-0.7514578620195739,2.634591683023007,0.7874772772898468,-0.27860197657114943,1.42862344148415,-0.09023225373510624,1.2114098490900937,0.5812324243404335,-0.3386417897190676,0.49830121220391116,0.5387232731018622,0.8008233394849259,1.628415205095299,2.211836984582178,0.4111429710609214,-1.9080161601825711,0.8766529044413639,-0.2607579920647779,-1.6912225332644957,0.6906950354182854,1
0.43940302798259645,-0.8055415670539293,-1.1859242055458263,1.3958226837559256,0.5061571901151405,-0.7909803733009538,0.6625446300160622,-0.42021918109100626,0.5447671145056668,0.31407886836122345,-2.564456298171039,0.10828571204230275,-0.1665533091210247,-0.7403236970239483,-1.2640223547231157,-0.2175160369569518,-0.35273737947096195,0.6514101331344041,-0.1451605046199135,0.0885838532066361,0.3271651938194506,-0.46391246425343624,-0.9963555460286782,2.2134369303421826,-0.07771381762666774,-0.20999817884021874,1.413472019653336,1.887129153432916,1.4457005196937458,-0.3903347531169171,0
0.34727538205127967,0.5845400096989919,2.236834043309378,0.42023145810328505,0.46460858534334104,-1.013118842781936,-1.2552887038034348,1.3543899527179375,0.34581807597144615,0.44728085874501167,1.0735990583472208,0.852306384115142,0.72179237400314,0.6359242904060711,0.13868897079679118,0.20911289939678052,0.9160424501462482,-0.9384045665390514,-1.050420003902955,0.08169695669308284,0.14913296192919923,0.7244597315676731,-0.22229923251665476,-0.7779129831776534,0.6017569916156245,1.3465928694668134,0.36503869989314497,-1.4539652172384632,0.2755505215988735,-1.9313823694114773,1
-0.04108044869544307,-2.0097709684539926,-0.4301283410286595,0.511051697208115,-0.2854304882805991,1.1487295795539394,0.21907133638154325,-1.1236416041549329,0.9006686421474223,0.689233914181355,1.273822685989598,0.7097332113619257,0.4698888732274707,-0.9929527079669784,0.8131908200523116,-0.1464341083963295,0.8060614043062788,2.2301373533689395,1.2067574246043855,0.28505011455609897,0.07333987271094268,-0.41772034421810594,-2.3229721602082587,0.04645939393473961,-0.5137827682422301,0.3219033697622228,-0.5162598690753173,0.22105495856882995,1.2460652665131013,0.15670537798508516,1
-1.0861645740199688,-0.8307826117586724,0.6907097543211843,0.7530771360555473,-0.8716808970709823,-0.02872454146057734,0.9046807297574642,1.7207674481675852,0.1764223451849739,-0.19905040020149906,-0.3696742889419291,0.14313154363680208,1.3890720882152157,0.1447608057736924,0.4999975687015848,-1.4216228737914707,1.594386005038361,1.3368591673331784,-0.29613249963336197,-0.10434807136567664,1.17935992214075,2.945283615101746,-1.6847815288661228,-0.5109387202054239,-0.39419194719888545,1.0409636940244178,0.35437010006969877,-0.51236320312539,-1.4162371754192913,1.0113007294575715,1
-0.20025234275220244,-1.157892358664248,-0.6821996461709546,-0.42519638745011584,-0.29999510194062,-1.0447235449246743,-1.0321115663076403,2.369527944882145,0.3295048581083699,-0.4114346327874573,0.3779716999911433,0.16055660823230242,-0.9066561242857972,-1.915441163379958,-0.5308804678547092,-0.18252165366597078,-0.10955742974402245,-1.831420998568151,2.4800677513264406,2.4027161704152618,0.44482374821104265,0.02549291704687626,-0.5648209358559907,0.5785264201381521,-0.11700540463996753,1.2522284492163926,0.9140973392694091,-0.8505739558696963,-0.6877241523885645,0.9696659936892763,1
0.6946376421154914,-1.1132255521065344,-0.4571010227236717,-0.15395981131001196,-0.036753596982773924,-0.07188412929907882,0.8992393438514974,0.1457741150172847,0.08075133043694589,-0.7567672314877402,0.16755554681683393,-0.028721065700476004,-0.4798584111726032,-1.1506670138486446,1.2769477422782332,1.7797225315354483,0.24450215520223714,1.4346002791465018,0.22953467905450792,-1.3868610066400873,0.30029405604091963,-0.33950481452931563,0.47584712239934324,1.5707910457448564,-0.5067018140248695,0.387505790580915,0.8611238033136817,1.3541859939423235,0.9857706402040943,-1.1149383370154053,1
-1.1161068046896792,0.7649269885327166,-0.3846213397647568,-0.9838569464596151,1.1883426294115473,-0.3696716219120286,1.6303699678643075,-0.4404756762443866,-0.7468129034901453,-0.0643534681613276,0.7582690987509786,0.29293065293044657,1.8916787456941362,0.171504271140268,-0.1765261747258954,1.5091550023564175,0.5951958544566699,-0.4135799112182045,0.23860901917157276,0.21816516260351151,-0.2054322212753236,0.18241603371614634,-1.287612433537715,-0.35601393436668527,0.4312571325551229,-0.5282475777024211,-0.891540468669137,-0.04064353017869637,-0.47271926364088296,-1.3220892299573153,1
-1.2971249854208315,0.40807991982766606,0.09056695836743123,0.3140309390700032,-0.29864632351507775,-1.5134080744793845,-0.8741314088708464,-0.32193850856292466,0.4360900176154718,-1.7486172823013755,-2.3112065707765317,1.4489172454379222,0.5978803297540399,-0.8760818929583751,-0.23467408851832178,-0.4212276276989218,0.28966318724524426,-0.5074109738396103,-1.1486003197334387,0.4893125612594527,1.814396270327189,0.5297880698896397,0.0750742505549192,-0.2142603960457213,-0.7887447050163041,-0.40756301049955806,0.3923412645635019,1.1872322624816816,1.231893571543763,0.1703713691568652,1
0.18679664048434141,0.052216578998490595,0.571011262390567,0.048093172373064846,0.06446866147590742,-0.8602279854075008,-0.8840206781847068,-0.6911437779980747,0.23992281121075623,-0.30640005395994374,2.58237817423145,0.3879299724509262,1.5708075965021753,1.4847456687555411,0.42466982939195247,-0.0408387338725837,-0.8989923220060736,-0.6018643648080313,0.8403687069903425,0.2696486656423348,-0.6424499028120636,-0.20742084062101093,0.3294506316617543,0.02480826310529934,-0.23816948260912013,-0.05479248250144378,-2.4155276464234055,0.018207222281558844,-1.0582838928803346,0.3634756791641688,0
0.13396176931203937,0.7484063159124907,0.7581860625230913,1.7196463812401968,-1.9831339916078623,-0.1260581608322323,-2.0404748726121653,0.49069658258386195,-0.16703021637872326,-0.47076108211525003,0.2670184983739889,-1.0528553780859133,1.8478482218727244,-0.24441658294753377,0.07653326990535726,-0.12852603702838436,0.9224098505615392,-1.2022046451072625,0.8282087409684497,-0.5185646664134571,-0.5098333117201788,0.8793929731628175,-0.268202715120213,0.6137818208145776,0.6324537231817966,-0.3491359443841101,0.23293991346200435,-0.48389592760434436,-0.019565673893218748,0.4736854475400116,1
-0.9567537204624814,0.44029322355647615,0.31766332038000034,-1.4889995160384568,-0.7460775611629388,-0.6914812516243625,-0.4443883294429128,-0.9558911672971551,0.9391595622223367,1.0605358991879983,-0.7878772775792984,-1.1541700078738424,-0.013338914636468933,1.330188636807397,2.154199881883111,-0.6745789990305296,-2.2749597451435464,-1.4874812944935634,-1.7824588288014942,0.41683955184530813,0.09752781302759804,0.2171905248478484,1.1259304579860465,1.6289389005837627,0.8429558017671712,0.7351932924007707,-1.4740582797910942,-0.5085943692683172,1.3848215913074495,-0.5496603375554359,1
1.105554366736828,0.12338076625790191,0.7831859330888022,-0.8718393511152747,0.7631339337464994,-0.6394774806839818,0.23054550898461124,-0.0290974396374469,1.1920381030160472,0.8320726284267983,-1.765710603487542,-0.8104001369297363,-0.6358923020463834,0.6917394602164902,-0.49536086049603006,-1.089365217697435,-1.3646473642249206,0.7273535887081081,-2.0735351310913543,1.0551371302873147,-1.28691189392955,-0.44771770862127785,-1.1685035696161818,-0.9191565747190942,-0.22341620390458594,-0.13672960281887847,-1.5463455802396933,-0.40536973639320645,0.10323345064020355,0.46795180476487896,0
-2.0424184653369917,-0.478839375072755,-2.053617921946205,-0.5082347308793805,-0.43046279925644515,0.6291425631667029,0.9734254634281982,-1.0217902095370928,0.29426237247141424,0.6550108840914814,-0.7470491990371669,0.7730054893040557,0.13596737545076748,-0.27345640010061917,0.1417622307591927,-1.58020178368366,0.14046392451896372,-0.8458033663288159,0.028828205423221766,-0.4058197589292613,0.28839221334500487,1.1918693697943339,0.12713892248610256,1.0004523828256653,-1.0229214497100247,1.4336798676974252,-1.0127311255035256,-1.2534383642234208,-0.27483010284361686,-0.44445987803124704,0
-1.5819930849572956,-1.1278440641188248,-3.5942575399249184,-1.35121994154768,-0.659840274557993,1.4898476258585005,0.7130400402883255,0.3234999718388659,2.1652876615586787,-1.7924191641901943,-0.06769963646993449,2.035442368176886,-0.5073431071140657,-0.8277799145996922,0.817338119386463,-0.5567190321737518,1.2593002403268878,0.8314908572229883,-0.1904906535214908,0.9805728239222357,-0.2355477363478058,0.13271237541596115,0.5852430361835047,-0.38953683348528734,1.5102885792128184,0.06998529087794471,0.2896478289172371,-1.3163904841492802,-0.6445419363445909,0.16288408679321384,0
0.8687352398583407,1.4129308370253428,-1.0606799011887251,-0.8266182470674105,-1.2298491172553967,0.49361279103928446,1.4133293653787882,-0.15797318095062948,0.05837440892581592,0.13253036042189706,-0.46907013430635286,-1.2213082942537248,1.0599627905435116,0.15425319019945002,-0.5481806065206652,3.0051268040925576,-0.0028353884360555436,-1.7120202409124166,0.6548088633363651,-1.8415417967986043,0.4660118522699759,0.43946450662548314,1.3798868138896994,-1.0023088657002197,-0.29366245230114707,-0.06907412917057755,0.8657559923219905,0.4342429908025543,0.5187927568101438,1.218825988081244,0
-0.2221496395795559,1.4627262295266452,-0.08833574377050708,0.8954611043891316,-0.4955138901063577,0.5950310914291587,1.158151140023125,-1.0820723247009818,0.9443498154120298,0.17875572244786242,2.038395560210391,-0.26389334198884945,0.2934942298290183,-0.15607346881050557,0.6628414086066736,-2.1832003625828977,-1.4103794087983494,0.6685650332148602,0.026520679914067334,-2.0034584169774163,-0.6340649463451621,-0.39283175946420457,-0.48509484822283155,0.9315557299499587,1.2563604424414336,-2.2378757573617847,-0.11948167051375708,0.11374817534638615,-1.4816293961119855,1.2531168551306187,0
0.3709834904901667,0.8505133858523073,-0.44579120603858097,-0.7789246289467964,-0.5694251339652623,-0.11003145026540566,-0.42550707159999546,0.9055563963485392,2.6660437738262264,0.5825609775726411,-1.947244647152206,0.15507215161254256,-1.1877989268267606,-0.4076725415702094,-0.03561999572038891,-0.25914151663890483,-1.0350474037319806,0.521939503698777,-1.9938879336100088,0.38635701823985047,-0.902037056501406,0.2786983722045403,-1.3446860350590073,0.23149170695944904,1.3773134075805007,-0.5946887635280639,-0.6166210734387156,0.4324994712699672,0.21106954426540173,-1.3817341618766474,0
1.1076271255043708,0.8089489510954028,1.2820907204313492,0.5459014853728394,1.887810245484059,-1.8726098132373554,1.5239137488861023,-0.38992137454515174,-0.5439689791524336,-0.7144523051812408,0.5093504991959463,0.8002432624099712,-0.46634330523643386,0.2735780269487907,2.7638432700926825,-0.6698781897137138,-0.3944785828354921,1.4198923210610623,-1.5755125004018242,0.24511587158900602,-2.415398929130355,-1.3795011804795572,-1.190077209062512,-0.8765035422697811,-1.2471981628783104,0.2009830928630643,1.3998445112547528,2.0390598712640053,-1.0294200596166005,0.7284271671241385,0
1.208504393355152,0.12092235424040926,0.7084912289365959,0.4600419157953386,0.4585327430917311,-0.7366359281599314,-1.993932345772817,-0.3486902934160057,-0.7668710769414537,-0.2778768751760641,0.9614512252982453,1.4356753043744501,0.15073137537552356,-1.1840168045775283,-0.38929490986656073,-0.7723803473140405,0.1239595484519394,-0.4667535400738322,0.9026622745631658,-0.8479546807902447,2.1834326323777002,-1.472364839778122,0.305716596391124,-1.6105406667248163,1.0478938494203813,0.04688286265612644,0.20575379853593706,-0.8972565306329775,1.0859513637227207,0.6428427323882637,0
-0.5454152153463518,-0.016556631187007897,-0.8903227762742769,-0.9691480974846806,-0.6153070301521173,-0.2739531264617071,0.001747613254873433,-0.0443241332357147,-0.8651911408075253,0.7590413720542004,1.0895091421785648,0.9136010547662473,0.7062069983482963,-2.5025445369963304,-0.9984627569702911,-1.4883954919417757,-1.7726436546876316,1.1439105839690829,1.6951408320463952,0.007570294836856234,0.47132992485340347,-0.3592873044462927,1.1696883254155592,0.2800266260701456,-0.5214195362104896,0.5622967198182656,-0.1816379217428003,0.19558445386373102,0.6933301091869676,3.760155248575284,1
1.7862145460968524,0.15001693311101524,-0.939730518533253,-2.2535351620867554,1.2842447810191262,1.1198212687059408,-0.6279618290566534,-0.08758928110070487,0.20800090574241037,0.5940689506598319,1.6545069765684293,-1.3030563795754115,0.6736528628129222,0.2188243521216077,-0.5101360614281886,0.8064607319171542,-0.1112960331121095,-0.08040472050543856,0.31379023077913104,-0.4579752026840404,0.6543956979965679,-0.3973511286065602,1.690143040235851,0.22833373445549648,-0.670039812606498,0.3087764797821868,0.9895006371583285,-1.5751889297197315,1.2670577605588613,0.34028702716542314,0
-0.030367788124795122,-0.686303141647914,0.34705242913753337,-0.8836518704051278,-1.989215116207528,-0.7130207100305715,-0.27254706797203754,0.6131431948537316,-0.21880403215609534,-1.145093474553357,-0.6611052277489544,0.020639903654999705,0.6455971380836136,0.8131846941965812,-1.3619701560555224,0.05115642868764733,0.7737205595572125,-0.8730657358297182,1.8002197254272096,-0.4944883266602664,1.0199605438488242,0.6911686612210436,-0.6877529961637388,0.01617566778811643,1.3641378724005044,-0.5368781269729912,0.17727640922309357,-1.5056631860299765,0.35958692721686814,-0.40452610479438234,1
0.5238620345106123,-0.8443753370482415,0.31972098799443965,-0.35024784945849907,-2.6379160556488612,0.08786452052903179,1.2610761294009718,-1.096438743446788,-0.6445602582921429,1.325347066740192,0.5564826209259194,-0.3289199650884977,0.2957630807474503,-0.6256704290642726,2.4714705487457205,0.8868673309123045,1.7088073693310188,0.09191343620129658,-1.2738352802505863,0.5033386610983359,1.2551122653319988,1.2971337284534474,-1.6876618794668623,0.21142365022537304,-1.5979116167330718,-0.5859033727413485,0.5854210885716902,1.33138603026756,0.22248392264092381,-1.1477457689279438,1
0.5993707683774578,-0.8508714384483522,-0.29232122956356266,0.09044058484785561,-0.6698548622592793,0.6364508580259419,0.7524582555113941,1.0281859400820883,1.4253324342283051,-0.14317423606004392,-1.226955252558718,-1.1305520354647016,1.7351594086008708,1.6152897696016981,1.3383655523130773,-0.585506524269262,1.6881043389194903,-0.16968409005694332,0.3430765831809345,0.826435408843473,1.2612170460228391,0.5412300670837018,1.3750106311257884,0.01328394487279807,-0.2028729996637926,-0.32033942506875906,-1.1493733195391054,-2.7983070945092208,1.041425029651243,-0.2341145021068189,1
0.7431443048057675,0.5982791210389191,0.1580954575747467,0.9444835354158813,1.0715053612797754,-0.9517221273158184,1.5329294733270802,0.8643647757314957,-0.8755892009049719,-0.6492203888867166,-1.242868155066066,0.6278083701678939,-0.17685205250464658,-2.4928834564740714,-0.5543082416533576,-0.3809144076145187,0.10567344405863834,-1.539175870653378,0.11665106042064713,1.5007338543957156,0.1870075587099657,0.5894489641845408,1.563383912700997,-0.09454352018949443,-0.12681441668353502,0.3448527665315647,-0.8848545752089998,-0.6945600968912258,-2.039201965874986,2.2883452537183886,0
0.830702153430764,-0.9473304719372464,1.0238571784346329,-0.8080463992309422,0.0680557758886282,0.06298476271879401,-0.44617568228753046,-0.8128286403614603,1.2085476839564733,0.08449603597470234,1.6819329414419057,-1.040952064274542,-0.47281614727114185,-0.045681514980429286,1.1032107897281336,-0.7892122789187781,0.5712920578964096,0.34291721360036204,1.4284455056204421,0.49797286487094283,-1.796322897517361,-1.0139143527536432,-0.9632715081148465,-0.45249191499747277,1.3243949423299892,-0.2651877132695155,0.03453223563079202,-0.22495382495235147,0.5388410934198751,-0.721849296051597,1
-0.17059875968761018,-0.1826995769605678,-0.07091676539373377,-0.5657910298741348,-1.335018157884595,0.932643129903035,-0.11640536519263305,1.1285120842948704,0.4794705555034775,0.5146731488360095,1.1306699301666174,2.5979058210720933,1.3037312136190367,0.8863976623148194,0.2923048545540415,1.2588157375849607,-0.7465257796312684,0.5847530348713232,1.2772113835382677,0.9523901230122848,-0.076190887934728,0.4554324582271492,-0.32915337322470617,-0.7682297948762387,1.450793445038235,-0.43421940174926194,-0.4426812332039538,-0.4206530461893518,-0.6958984472033538,-0.7247270369975939,1
-1.725254421569482,-1.5521390627886031,-0.1926588181486551,0.45640144931683624,-1.6761824971890638,0.1818918028406183,1.2830932117540277,-0.47151054374118284,-0.9892961052701207,-0.0601248714154431,0.5192032600315393,-0.559290353038363,0.9528651910030623,0.46932066446530446,1.7310404063455904,-1.6814095792158286,-1.4117166320543029,-0.4184484078646287,-1.3390890690246837,1.5738919916526142,0.23284405694360377,-0.3299106008785414,1.55368980072234,0.2925928629461581,-0.208862160454659,-0.7816655011553469,0.5558111995991589,0.5222221744081733,0.6818298137636644,0.8061674309646213,0
1.450565383616281,-0.8279722591888381,2.2367793859341147,1.8000327560833596,1.7172506888129924,-0.20619959904550725,-0.7139792034792228,0.10491152126817936,0.2834472409971485,0.8572142031089557,-0.16423615901839259,0.9213482380425624,-0.347443618911302,0.04774919024898555,0.7228044380709361,0.12175095647726147,-0.6758395326759942,-0.901938191520035,1.0651649463115898,0.49626247888678815,1.3873280954557525,1.1451831598048337,-0.281599285131382,1.006681229312092,0.35244178711045704,-0.11356328311110105,2.6499771023339784,2.345981041087463,0.6504415736047158,-0.8499451421237461,1
-0.47840503529887046,-0.5419184681268905,0.8142749757109576,0.3840360037955676,-0.3122331764380712,2.0663144704869363,-0.4297063273999427,1.8636733741028286,1.1708090011305812,0.6439876401042434,-0.7788942903250559,1.6042706178902824,1.972986593230904,0.23617616413769954,1.2477439631109564,0.0982104054328623,1.5050181413577912,-0.9483247053981797,0.9893629390263092,-2.5186526151868365,-1.1698394009941762,-1.0595850565630394,0.013739495465992452,-0.8838087257235185,-0.8761912679060525,-0.17934812791958482,-0.12767622068398182,-1.1531254212432198,-1.3430729902272602,-0.8510329116800062,1
1.0019726259348256,2.63700363424731,1.4595613796943767,-0.35717604030112704,0.4162956208083006,-0.0015961123290598926,-0.14301485147438303,0.10967732175858622,0.27717208972088075,-1.7461989159816607,-0.6192606225510446,-0.04252856458772612,2.3843736663217565,0.63708746571218,1.1019790319317377,-0.1102606838616319,1.438995846061242,0.28427533510614106,0.8257472867687226,0.17516018011105516,0.5520492815067766,-0.47570604645167597,1.8297436872634578,-0.4816576397691491,-0.9487244844937303,0.160340544628836,1.8731248335740258,-0.6831263000691873,-0.18108635932284964,0.2562525398199923,1
-1.324013961935628,-1.375548376734429,1.125198384369575,0.07551792433695793,-1.0603107582126958,-0.31363921213313245,-0.5593182531030139,0.007928880443949342,0.1965743696290352,-2.148353258941264,1.3340147607055242,0.07382227212070969,-0.6383649771386234,0.884330279060259,-1.0344893575587186,-0.31429095852140193,-1.216553815565762,0.7443881944163085,1.1935653483923612,0.3840835513784259,-0.1890707256650599,-1.2757205386360202,-0.45737817667942665,0.23177388113893785,-0.5744994952360589,-0.45492591393447657,-1.12217000862082,-0.7433359609401337,-1.466552539160758,0.2766015198650931,1
0.04981024509305132,0.09450818407615455,-0.3606082422828364,-0.5906665931116374,-0.2979147401539012,-0.42630413251710836,0.15319001060452314,1.8329829110272806,-0.1891894886937294,-0.5919207014561151,-0.24926822492626505,-0.4922783250283979,-0.4962451068694604,-0.5843534663517765,0.6850006594141598,0.6721108269833836,0.9023691592935845,1.1140839676800927,-0.36459297588931233,-1.5677030953731914,1.9695694157001322,-2.257507902728013,-0.34165736395135593,-1.4265327339033218,0.40282442218692127,-0.9568670782810847,1.1316142769869473,0.23246699924840586,1.5114114255928863,0.10157897664310406,0
1.1592787004910745,-1.0856127778172229,0.9850740888744817,-0.13502228864237542,0.23787845799334043,0.9275129276520012,0.3865640154276916,-0.7906037359992525,-0.489471060892,-1.0576619236231106,0.715303773131943,-0.3457070133821877,-0.44878271215328264,0.20252310809917615,-0.236918986088107,1.1689112677349385,0.7850835148221277,0.7229013583576049,-0.41525026204330456,0.7098161536238048,0.5034042606058374,-1.216221041199581,-0.24614955888566495,-0.17130289148863045,1.4954869624796825,-0.4198026537876108,0.4824135066056559,1.3009668004988915,-0.922553959783084,0.27940667959618726,0
2.0324639380071483,-1.5687689208582711,-0.6068264682477886,0.27291924059382094,0.3643314895219217,0.1574101026615636,0.5457142313681129,1.2609568334566754,0.054246805003976044,-0.07424365778935792,0.5946317785228351,1.989944744851028,0.5999703216767378,1.0388241321208118,-1.5731916229767338,-0.17959356617790906,-1.2136507782464796,0.01522696134621649,1.4269456671256797,-1.291775554286186,1.7371194393547122,-0.004623599600308954,0.8927676780610867,1.028804898538873,1.9955297739727123,0.5811072612247525,-0.8718585904200516,1.012457168765443,-2.670552107449115,-0.9073404360101313,0
-0.5805757485763929,-2.103722170096377,1.684041615047857,1.3290900318418735,0.45100882440935225,0.9797129478824252,0.36630079015723593,0.8639266777318827,1.2624075129596672,-1.4461702504530074,0.9153801962682223,1.129195042572843,-0.5905359121816606,-0.23110406040425852,-0.7752837606350828,0.3111394844254535,0.39082019316075695,0.19581342736612625,-0.7664196162720651,1.371785059209441,-0.58181993538449,0.5526473402987847,0.7884940395118085,-1.7115330195736256,0.3348869416977363,1.253601024221657,-0.014150219774448152,0.8989839779803058,-0.6780547361320716,1.054212726680859,1
-1.1370102212620443,-0.021867061553523276,1.2349085365937245,1.179594538636602,-1.2997070861778348,-0.2140329862488127,-0.5994866333236786,1.1797290486145413,-0.07449550279746395,0.14828969231003072,0.48184474280282746,-1.2138536232248165,0.2989819242356935,-1.0101690837968853,-0.4897680202028495,-0.4434674117093631,0.4840089430460765,-0.7928603977875959,-0.4745239731639439,0.3240318210580321,1.3853047914438188,0.43761119404426113,1.1306020451532313,-2.1239765759881615,1.4351838122476244,-0.8573492603447352,-0.6087870582602279,1.9414492808419335,0.17031188059896274,-0.7498458002477512,0
-0.6117496411839325,-1.3831704579801696,0.014604542718500035,-0.3359836366435132,0.669445094679987,1.718953888983252,-1.253878325700042,0.5959536625465829,-1.5332351230310794,0.4347919360966967,-1.173386017208391,-1.3466076678028607,2.5505790300740894,2.1479403669437915,-0.7079719387012869,1.9021408312774681,-0.039562131270265546,-1.3708698152593324,0.6494148749214275,0.9492458684364514,0.7524325713207451,-1.6898417849983305,-1.1431480002598604,0.9370587842650429,-1.1522294466168794,1.0182609109705156,-0.3628638571644851,-1.6445563851262204,-1.318970173459855,0.4540898277076492,1
0.5018598297808154,1.561847126383295,0.019982433617494782,-0.1993310186409796,1.797561912754201,-0.839399266083205,-0.2833022004259963,0.47479320311061185,-0.895710323618161,0.44660657204486776,0.004401556037628459,1.1351695434365432,-0.41793281401589677,-0.6386630372681603,1.918958807247697,0.8514938326487544,1.0863201679487553,0.8355523471654996,-0.6739804215511336,-0.9597249810418823,-0.9491078029964591,-0.5754333485387222,1.2001876732072432,-0.025677031671866794,0.9398971503739207,0.8232515186369807,1.6023544315792044,0.8014561420200572,0.21292827349324686,-1.298762706935586,0
1.9412786433235714,1.064720261549007,0.4241929641710861,0.21253579096173109,-1.7804975471844098,0.42192343703568447,-0.5302334658608626,-1.6399023925387357,-0.48421136875216425,0.24099961344832155,0.373478254403998,-1.1783302351009997,-1.3620848531108765,-0.3028344441102399,0.5707419823867655,-0.792935379570283,-0.44443188426634406,0.1882556978086195,-0.8204781619526664,-2.0066285981136898,0.31073088338304117,-1.746705674184988,0.33015682405024716,-0.22099724085841874,-0.2287690140127906,-1.1029108791801001,-0.33198679577983764,-0.8786404686192117,2.847894090137142,-0.8038691695930398,0
1.0385325618398076,-0.5652047688258828,0.24312007336092806,0.007610793915670173,-0.1653938487843073,-0.19676213306550608,0.24749529466096648,1.376427384917393,-1.1312365657551362,-1.7682399270894167,-0.8304232550053544,0.12788098223946692,-0.2958272504325531,1.5420111848941909,1.4197706649576216,-0.4546590508840832,1.5449185900273001,0.4206038140348537,-0.728811920213851,-0.11974665874564251,-0.19312738764304124,-0.7359914695782848,-0.6339490898136647,0.45140061102209844,-0.39987401931051453,-0.28277705853585405,-0.20721048449362706,-0.16815502966533186,0.920685074099999,-0.8264499353070364,0
0.23038829913342546,-1.5130637885678968,-0.5217058712491077,-1.307466654084894,1.6179669551210791,0.13389103620105733,-0.42581984234153075,-1.7368740833406653,-1.3393849178098565,0.8516298378444871,0.354668011245834,-1.4409627403396579,-1.4363327739753697,1.848002008848266,1.355269471656448,0.29534868718767837,0.11605286399556865,-0.1680413106472221,-1.2574963371812278,0.8603716104958404,-0.19549333038593963,0.7303007777204011,-0.4042174666740068,0.36301002739252514,-0.4802543622791184,0.06951487847469225,0.7974328228287483,-0.5352435145989841,2.0195930692433834,-0.5779676033309457,1
0.13644769973017815,1.3820817078106693,1.45028009431794,0.4673336628332359,0.268873735922627,0.0690051244882227,1.3563587268189676,0.9572710790867067,1.0896005727978628,1.634472221609358,0.4579718054825559,-0.40696741596346175,0.35127998431856367,0.05611271387928042,-0.18906904041132197,-0.4043016085933901,0.547695933250687,0.6375815618867761,-0.6960111704632,0.31599031118658344,1.6232637705618196,-0.7465177627650159,1.3689907545140876,-0.8745190478252263,0.3613197818330443,-1.7810094536664522,0.6397929364769853,-0.22080276583101022,-1.7448118528472347,-0.4711925029823809,0
1.7661922875130283,0.5699302537030839,0.11298821942804614,0.5303359170146665,1.0098516710361871,1.523651105476591,-0.2909929516267943,0.5928256048873259,0.47507064950649946,0.10665249037149552,-0.1864646948235101,1.6040050628756926,0.26303490971746185,-1.2173974534139473,-2.9049863578038395,0.9541757722995716,-0.4303250771542368,-0.15219360702937496,0.4078439451572739,2.460812470421031,1.3537486927568032,-0.22670101808494209,0.7307273399810392,-0.6023085197415317,0.7738589664015554,-0.8226544553907619,0.18262498211803677,0.215961776684412,-1.0515618111062943,-0.5885074087512204,1
-2.174437057215517,-0.37922553300595274,1.1155723434297717,1.9989068911991514,1.4916701526833713,-0.38570821707622077,-0.00687628677027199,-0.07122899013204322,-0.20951289700088074,0.9743190024747783,-0.5514433818435489,1.4523972579614373,0.13874326494132902,-1.1659541319172626,-0.09721062656315531,0.47902063144659895,0.9769314550475274,0.7542268548852891,-0.3162398219759518,-0.518449416912224,1.7304685340656136,0.026532360331079495,-1.1336462695465153,-0.5854134224092481,-1.9620623014193883,-1.6288177055078799,-0.5297966862500474,-0.795716505681956,-0.6865632200396173,0.7702414577857093,0
0.8741007354552224,-1.1646472052955394,1.8915389984219189,0.1006464479301708,0.00779063175117909,-0.7919319956910341,-0.3003475499332293,2.0286076893028158,-1.0812531240225076,0.2673083484058589,-0.5424332666971626,-1.809663023475228,-1.5358677264078244,0.6106895109903863,-1.7226471136715338,-1.234919496228408,0.8218826082579289,0.7011357620231475,0.05860936366940798,-1.1780755789146828,-1.1817471004165667,-1.3240024890076227,-0.133688419730888,0.6411525986403861,-0.424118014967541,0.8848029734225888,1.6100418681706377,0.39109436395325653,-1.2533661223329031,0.08598609304512136,0
1.3535255972119,-0.6309305430536032,-0.6578211014276112,1.1398668101582825,-1.4360129270017548,0.19845343618697123,-0.6176124416504852,-0.43282252334126975,1.7033457122691054,-0.48088512249892446,0.12159191345166576,1.0314735630367122,-1.2821345793062002,0.8359692431600079,-0.44813892373015324,-1.280188984082212,-0.4923557745394006,0.06218257267985164,0.2401305082186509,-0.7490164509441615,-0.21604377839477068,-1.392797124206982,-0.7077822868789682,-1.3619991211395297,-0.07927893792376217,-0.8375017850113907,2.0747119016930173,0.3829185130423344,-1.6262758720403305,-0.7462736876267985,0
0.702455299504037,0.24459690461610975,-1.5710488448853208,-0.7872522227695029,0.643291233263284,0.3712341290084893,0.5761892775520954,-0.27999859913835184,-0.8565789130092453,-1.276020780773706,0.9495810105354271,1.9435662044174298,0.2770050662813401,0.9357905536202847,-0.7989898073360022,-0.020854096538679614,-0.06295650846425749,0.38497008356588663,0.07762350344791574,2.777067448690337,0.7996248724447547,1.2992952455550828,0.2708287603932562,-2.125915312498173,0.4483162032421977,1.0952555779377684,1.3934614803574585,-0.0672205649033025,-1.4352044723649333,-0.2892807471188405,0
-1.449840189651369,1.2871357049314291,0.4538634038156854,-0.5124397956608446,0.7421279889913392,1.4691359819200775,0.7841596350891261,1.9996857227087268,-0.8855293342135848,0.9729959183326515,-1.4591098635602182,1.8939041674524093,0.7280937333238275,-0.3734728300271215,-1.1557405342598093,-0.5399279923636928,-0.25949081378986344,0.21616643617580128,-0.017032082963776778,-0.6335831813345768,1.157452666578344,-1.6992410855730447,0.5732954351739515,0.18572258621429877,-0.006992856200512086,0.6301273676685658,-0.6677585276530872,-0.7697465139347401,-0.28956200490478856,-0.5265739002612385,1
-0.23697849968625895,0.7200256095678652,0.11042398813640666,0.02971923199439923,0.23123190299470958,-0.33021941698920393,0.9034636089589783,0.565486905376682,0.005558256128654987,-1.1325235455223994,1.3093553098618054,0.6645394741085676,0.5671164612212836,1.6992154016910266,0.695479950317266,-0.048545213065678036,-0.5106531120049368,-0.5496171314952777,0.2757078519546511,0.9666715314255007,0.977943781327495,-1.380469867163957,0.9245756073568628,-0.2963209281698301,-0.5883673887436854,0.36605326520260123,0.7876782728695161,-1.233220169648213,0.2173744482076116,-1.6212108009365438,0
0.7919124305355428,-1.1095850489571795,0.1907468965364737,-0.36643352601253587,-0.5704537075969324,-2.000464294869647,-1.3991434660464233,-0.07518579645016349,-0.9301194416992477,-0.31862507185365024,-0.7868142258241853,-0.2782790148534891,-1.20172347438376,-0.476155395135916,-0.2679634914220946,0.029531055435190676,-1.8249025999261477,0.05122430939951632,-1.1118973811517918,-1.3660970647701696,1.23134484232495,0.7295256115252923,0.5509948878520863,-0.22078539736371505,-0.5808262930503368,1.4872817333658734,0.13485401708165334,-0.8988690984998134,-0.9948104460649408,0.3111820809249481,0
-0.3480231548875116,1.0332361657630842,0.07210931292637987,-1.200615589057989,1.860982723299079,-1.02056827874878,-1.2220378232262112,-0.08390865852892264,0.4657896397109824,-0.8993837062401415,0.695530253859046,-0.4934931966844006,2.445170501082059,0.3334708513592577,-1.0849642915966333,-0.7035529462631294,0.49314996253530297,-0.8121431601394685,-0.07626992935747579,1.9697438176610869,0.6398057413846074,0.594805033885892,1.9839701514524275,-0.7589158228791498,-0.016561557695703024,-0.30331772051925193,-0.6264418186336204,-0.25522288263084025,-0.4556787197515298,-0.6581119612249821,0
-0.29546064351141244,-0.6542252498086836,0.3241935293566666,-0.954688404065274,1.0168841893639242,0.7257739093415289,0.44603197756825214,-0.45870837588591185,0.04407087060232548,-0.12507014071610623,0.02695933149608788,-1.3390601473334087,0.10456947336452802,0.3251085286364718,1.4440558775903976,-1.0068351167112144,-1.1854536050019338,0.9834554501759779,-1.5121820903864391,1.4555638202333419,1.1830401995477318,0.5812102371258246,-1.5173126752128945,-0.15946188382820495,-0.052480264403270034,0.2892489774478265,0.5539251369381688,-0.7493599613459946,1.0611070649630676,0.5204356532880715,0
0.5105848339686871,-0.2234303350523092,0.38815498005995847,-2.142853524082422,0.3976143105624747,1.6577903836748078,0.7808881946689306,0.6640999306855246,0.7729061318443619,1.2092975681060487,-0.19921611929958752,0.9852198285566357,0.4574580476554964,0.06448636171238625,1.350587558856726,-0.6876460059603049,-0.6497328786857592,-2.356699773574571,-0.9290997638708994,-0.4401917192194318,-0.05009656349197397,0.44892405241648003,0.8812328067525274,-1.3292457286007524,0.10968792405636105,-0.9831706821975026,-1.330092063470317,0.324236487930807,0.10163648990609532,0.4933913241505439,1
0.5797593082701011,-0.4822918457959376,1.0943568605843341,-0.9184906417732706,-1.0555971517477198,0.39819257959573734,0.21469016817261388,-0.8097909643510189,-0.8327517306534348,0.37988020211850937,0.2501820169586771,-1.0382047559979803,-0.6429955628738747,-0.9108130782211673,-2.1198421800421334,1.3641843759181265,0.23843940410936332,1.1583671822378345,-0.30561563391708085,-0.9720499478143734,-0.874487098261885,-0.8752885658264106,-0.5187305256108915,-1.5477216138838976,-0.38669339532526814,-0.5746091971817361,0.8731951591541505,0.5372552866671992,-0.38251301823710737,0.47594934276764655,0
-1.0953411630042573,-1.2628357167930617,-0.09417757308012867,0.10217379501505448,-0.14017045868072836,1.3559516763207324,0.6873218815017429,1.0349613820919217,-0.5532463900845872,0.3325324448876238,-1.0434917817435077,-0.7313433264093798,0.33112495877471065,-0.8896279479556456,-0.7912699560213718,0.4306652334146949,-0.7639036561740336,0.9621959700574706,-0.21426885597074513,-0.1728241153195655,0.2512657640973862,-0.1347035207901002,0.2799814276546045,-0.9175031277394744,-2.721151565424647,-1.4129012664899248,-0.455343769886618,0.4904447782140906,2.1586722927987183,-0.5930957599554905,1
-0.6540800564853215,0.3371778679061393,0.22162723352880145,0.2556914286913794,-0.25570636843863603,-1.9806865608775277,0.19733026034818044,-0.04756256585384353,-1.5889666488109688,0.581435985654002,0.7297370320372243,0.5580032558797644,-0.40690052707087365,0.22092830135362007,-0.8978984234193398,-1.3854832304060003,-0.09895736813751088,-1.5021366500291646,-0.13346918138652525,-0.051972893013449595,-0.8173569636787854,1.9408743194600215,-0.598642457684127,0.21221846835620373,-0.19093581685953073,0.9394854072384743,-0.33453598312855715,-1.2670582476214944,0.4149125090856674,-1.5028345428854606,1
-0.8481302719690392,-0.5103588034420578,-0.4725156906051845,-0.3464360174993772,-0.42601755071928776,0.12564170790309498,-0.6798310149502627,0.4349805566781302,-0.8417452741181468,-1.269378075387986,-1.131351729959075,-0.41143824105028276,0.9710293069038539,-0.027518328185521482,-0.4608959438909382,-0.040290389208276704,-1.2099327067112045,-1.7063657299082016,-0.9876591907979613,-1.048786603325277,2.3992542795570975,1.921720301433006,1.9113822019743942,-1.2162249706759682,1.7547643563224102,-0.7125596045387248,1.6449017664703458,0.4386467350073683,-0.9924945269161473,1.6550020024720369,0
1.6147788267132441,-1.0607818084041873,0.32564684068565364,-1.9369648862932733,-0.3950632450791845,-0.3879380718765248,-0.40899396945521804,1.6117797632707604,-1.335882665971678,-0.22387142077476602,0.7548197567001828,-1.3152423071772963,-0.8834733031490967,1.1152238541117714,1.3449668211523418,-0.4332744248765959,0.857505591781282,1.556767288739011,-0.4071807602318604,0.7916487223692253,-0.42280542388137654,-1.353225568610718,0.003616268946249894,-0.244446163933399,-0.926619014008023,-0.3392804293818185,-0.22680235657121875,0.2786818986232433,1.0395027771489553,1.0407233527736681,1
-0.0865284370062516,-0.5469839510454025,1.3398713523858412,-0.09969027270796206,-0.5971080101729189,0.17016155772152633,-1.825795985386236,-0.46968390059087206,-0.5374091547070842,-0.7895958158926875,0.3800548241889728,1.077541530596562,1.6925554420668336,-0.49571504335324695,-0.2827834429046762,-0.6797170475737306,0.5381238536174711,-1.8675177047714004,-0.38919080138148343,0.2914845015001062,-0.6231161565155543,-0.4289819112669398,0.9913731913648279,-0.05678063568501964,1.1946818215585309,1.637341861093407,0.5306733665633137,-0.2907690691701437,1.5816486442657856,-2.52651244097474,1
-1.5516483517403306,0.7703526637956247,2.474264457043007,0.6825369960864887,0.18476365319302357,-0.4664740133265559,0.5562090522050743,1.1580958054085508,0.748742877166239,0.06281809939704472,1.0335055536605868,0.30503380231437155,0.5100442065901265,0.9707580817134033,-0.9340885374868179,-0.0223920083354227,0.11385351099453012,-1.200730462644026,-1.0897134112079794,-0.625861741664357,1.041630119148935,-0.19568904143916105,0.1299637850243631,0.3084165242310354,0.631164754983774,0.5011371752909887,0.06748091578327327,-0.13841326134546306,1.0945358608442928,-0.49288367835733843,0
1.360133731180736,-0.5708139302387775,-0.28366803663542145,0.7083182309352865,2.3652879514883094,-1.936186413674448,0.8658078548841263,0.47263295935184824,-0.4533581354195691,0.35917708411256916,-1.2009068692204217,-0.7928872534251271,0.4279893449953143,-1.0083010538160502,0.15100132318268764,-0.663816859067475,-0.4533747086851805,1.0758190770847396,-1.165112255478254,-0.033809363334445515,0.4785289895372764,0.25803879719872497,-0.5916639384898456,0.36529004864290937,-1.0297068466714951,-0.4869344895738847,1.5906968287487937,0.639377193012083,0.0027614894248327456,0.44994247107709234,0
-0.8061998634072883,0.2813040287000577,-0.451360047011983,-0.5799541742117634,-0.1238992215050882,-0.6013487594277531,0.14116238773433154,0.41650502711443516,-0.2728494056069306,-2.8517179566355764,-0.8685964019299445,-1.08165906079035,0.37029430637547844,-0.7296366488721909,-0.5008570017395841,0.8397338486180552,-0.7805399387793573,0.20286385933490983,-0.6178031862578587,-0.4710498058377609,-1.1635572548168773,-0.5212841701230394,0.5077062801886421,-0.9650544964948425,-0.7155289887186997,2.189966317590845,0.25670181505356704,0.33840066217248205,-0.6261913615185928,1.0422001852762004,1
1.2049637573899652,-0.6049693745433468,1.0686678525364957,1.3398143857656115,-2.0689904081420427,0.859657333171165,-0.7641938366929035,1.3255209246309871,-0.8006110749806916,0.6069800806288347,-1.7595180237849255,1.1155341597844735,0.0734697625711066,1.2913080621642135,-0.7165123680819934,0.21322080029325277,1.5190769245928835,-0.025757656396182493,0.42965737841598006,0.6993320390815799,-1.5520518526197673,-0.5210974404303986,1.1378776823591927,-2.047625368102945,1.1180775264575333,-0.5887173481321374,2.0552719953288765,0.4368763507037565,-0.8005270438471371,0.9794652901003535,1
1.433232890745478,0.6041903691112658,-0.4459169488174365,1.4382783127091787,-0.92891184435287,1.071532659521995,-2.4083262961707192,0.11763508542331355,-0.5581900733860226,-1.3723808897647343,1.3048858761556228,-2.147239501288129,1.3838162895257353,-1.5327735423973414,1.053353758942009,-0.7793183646259394,-1.9537140290633677,-0.45282060328266943,0.5638547365848282,-0.8983658099497067,0.260244184464266,0.6897942486609193,1.4930324859751278,0.06325178705046955,1.1657424624984563,0.8492756624575908,-0.09236517570898144,1.1471253552511547,0.8940604652692081,-0.1660985105904354,1
0.7134635645585193,0.27170751013620875,0.5480618468362771,1.8827398825079666,-0.8042576215525649,0.2546975424948467,0.030607041294954788,0.7882356321996206,-0.45188919076995804,-0.5664181506142495,-0.06434679992779561,0.47504573160934327,-0.45710467388722115,-2.6545583655448346,-0.9521509426836293,1.4144753189059276,1.54692553956527,-0.4962694339018254,1.797476776905962,-0.32657718827958787,-1.534970983045675,-0.3060576703952496,0.7254042566326001,-0.56530217744571,0.6033510574130875,0.2668973206786811,-0.28642641370857286,0.7763360088095128,1.2291257914554707,0.18175060499587609,1
0.5897076713100055,-1.45645755510706,1.3915197526532108,-0.5329954303557755,-0.861700359981292,0.8867593866016309,-0.38379605415998647,-0.6942381387116325,-0.29360481182066694,-1.216039497535416,-0.7048166550803342,1.0222956702939061,1.1657604948655764,0.06543032356328343,-0.6794523578046708,0.4138150776139359,-1.8963632074063075,1.170992380491315,-0.06964076176564661,-1.0343740340220207,1.4871276309591772,0.04259195446592547,-0.42621401226256284,2.049608173671538,-0.5253834345975974,0.7486622431845924,0.6932795020899655,-0.8474807691161731,-0.13966812669175283,-0.2520287487109083,0
-1.7667208852627072,-1.964038359460998,-2.1757857451859954,-0.4497956148138356,-0.9932844651444076,-0.9317031074370727,-0.4207424171064508,0.0036739041570497556,-0.31270312918834253,-0.7047035039520051,1.9309453446117093,-0.20109254590218004,0.9983776673325807,-1.2365377904802988,1.3351928810071882,-0.5484717877813999,2.8015732800641393,-1.3118444414177561,-1.0670483106918318,-0.18872722017309762,-0.35484364642228494,-1.1726421600824417,1.4739398868463445,1.3687766488737034,-0.34040101158975683,1.0096376315211792,1.4221674347453623,-0.009615430720434276,-0.6696968808405748,1.2818330742945814,1
1.1261190021365832,-1.2532989267650556,1.4160491094623693,-1.0201203753422727,0.3790596821604203,-0.8160585141641185,0.16408494503796053,0.11563919196306296,2.2321466717172416,-1.6218821329319892,-0.770569170675891,-0.4653977995452609,0.3288742276201545,-0.31199659560493676,-2.1979672475197227,0.736997411272732,1.3347873568270021,0.43260114783685405,-0.45644971953343244,0.2046880425413428,-1.216892598576362,1.0611762176819377,0.4975042351435552,-0.5334613325389534,0.08200852568846309,1.0313413797252426,1.164474929372092,-0.07432412941491383,2.1465375471572843,1.368053191272496,0
0.5279093950653915,-0.39545839328023097,-0.3651104291490941,0.20056714121869143,-0.11030857803569398,1.7003802890379403,-0.93702897777083,0.5057077910969604,-2.0018127021319447,0.37715836764602145,0.8719080046395886,1.440364456023354,-0.5914556228486334,-0.7120175394452324,1.0233299988796707,1.194986357450162,-0.22708407784778134,-1.9594924630756057,-1.0587863573720324,-0.09248382706566753,-1.4180107001207547,0.7287279164587754,-0.7726615115143799,-0.07235760761951408,1.0947624969553782,0.3676377495894113,1.9443736776597014,1.3977623290449823,-1.0388872234412603,0.5929165592318342,0
0.1529074433394479,1.1871685154381149,0.5233647992299014,-0.49974975605375516,0.47607673261638783,-0.3690194990483473,-0.6462884450236921,-0.11133684684527315,0.2487741322605215,1.300239541565176,-0.4966586597100861,-1.9166738597821555,-0.19704964697709926,0.2563653527506095,0.18237464151219357,-0.2537265536482018,0.9496125876978286,0.3123321729720282,0.6030119693903324,-1.8369607653035005,-0.17365220351449911,-0.13915218879339977,1.6839199834565501,-0.10621198467078005,-0.6601509005280894,-0.7188642524928542,0.9792340229292105,-0.5804607426881002,-0.8529392435485407,0.9167181965496888,1
0.39194521609909466,-0.23613542413521968,-1.327606572262825,0.5542597732216115,0.8269326465579051,-0.9532785059352539,0.3648266709225354,-0.10068952895557987,-0.8840634355524802,-0.44416216114782253,-0.047067530185159044,-1.318345154065376,0.5708211084650691,-0.7103401654046164,-0.6704852126162669,0.505579992283879,-0.45274054059491314,-0.21550282033675994,-0.1055587386190788,-0.7751507935577284,-0.517958183139595,-0.017709013460616017,-0.015475613106915857,0.5270322140664815,0.5712817030129824,1.2186699434578088,-1.506374705052664,0.9129468899545583,-0.3405395972292381,0.6582713983497335,0
0.3394224822365289,-0.577223564802048,1.5201026840520284,0.7612096843551645,0.420713487925977,2.1900930575250763,-0.974267743236704,0.025080959650389655,0.5621241620687424,-1.0670161115652124,-0.6639658057888627,0.9966877222620969,-0.49639269926729357,0.8718856529169261,-0.6295935760277397,2.0200855788517766,-2.342642538072096,1.0086320244176674,0.2508927456786226,-1.5306654530916686,-0.22303922161822265,-1.926514147566696,0.3523342906107747,-0.5968704228098718,-1.949802024893906,0.16567345373845974,0.14483138467192208,2.1069164704047383,0.8280045925681218,-2.3874909735902685,0
-0.5283564080926028,1.1047214343304788,-1.6267701550605023,-0.7715662568175139,0.0018090435119870703,-0.5280402390182553,1.5911863970626623,0.183143286407882,0.0333128483794189,-0.9167276160614903,-1.1024318748226019,0.10402188280009622,-0.08019381862666813,-1.217111134834469,0.23403278257703625,0.05738346802139029,-0.3082363937806736,1.1925046312815673,-0.012359889234110815,-0.23804273146235497,1.1311705416014095,-0.15092128049195513,-0.401483706995326,-1.1701222586793363,0.06063629618889485,0.9324359619025231,-0.416961989436914,-1.3293106369602283,1.0109312841118538,1.050285869141658,1
0.5849538583280441,0.09610650538454145,0.42010420401175425,-1.5501488875860658,-0.5821497605220726,0.6755847768132722,0.3383263886177853,0.9025477132780808,1.5338515347895898,-1.2351369229221842,0.48357216928568175,-0.2583695075178098,-0.4464732543232122,2.471852380797798,-1.570240418041357,-0.18196276446343598,-0.2362696929837563,0.04766971041331067,-1.9724121242629757,-0.981111278016833,0.048843343471411796,-1.3953153063600698,0.9534548433439203,0.5796213889701193,-1.5872176656008832,-0.23035634850094364,0.3755219004395541,-1.3757699247439539,-1.5774588846322557,-0.9575480211973404,0
2.6874712796925007,1.094338080430235,-0.6085947802969799,-1.3310977988016228,-0.8253205061566017,1.5223514204004105,2.033766600231226,-0.811874968920359,0.31109098002499735,-0.26223935604185306,1.2703173600042632,-1.0939381567009399,0.978995522479609,-1.340140674969647,0.9477553899383664,-0.8507293583592261,-0.3144482164597892,-0.6454239192932707,1.961136247047345,0.9939927376976404,-0.4113513852509051,-0.8247519290738659,1.3135999831996825,-3.3983285309753732,0.47917785349713204,-0.9592882586585474,2.254162195903942,2.730708872350795,0.030690050234292297,-0.36544595548240744,0
0.06800680660703579,-0.6216141150563496,-0.7944337454911311,0.23456860600413806,0.6237510551067759,0.1332749081090206,0.29010337450517715,-0.6325561245582054,-0.9338189988563494,-0.9435659373536561,0.7719503573637205,0.07961546774737686,0.2015261819516865,0.34133405855640403,-0.057818853164215166,0.10845720204848529,1.2958122209532819,0.7769160365356234,-0.17235738163795059,-0.47218721111188144,1.0272804010866061,0.33277081112999674,-0.30798868250314565,-1.2913487516256927,1.6940427756873775,-1.1270479967905471,0.2844268243400668,1.8252413581770135,-0.3412218480235165,-0.04547730596534767,1
0.853727768748877,-1.19313567223152,-1.6698008343202058,-0.3571046285871806,0.08070458518392025,0.06939347643284728,1.417202041921342,-0.9459008779664649,-0.14371085851403118,1.5072682295016657,-0.2778446898693692,1.9869756709957413,-0.23429644885977158,-0.6940411567385972,-0.03916420926373908,0.25959190735398224,-0.41154601260209733,0.39813920856387025,-0.14917626057535796,1.2694839062370624,0.5078926222122174,0.010761757071220781,-0.3165068257406765,0.8028415197945141,0.03116859778797753,-0.45247506247912656,-0.7231403746593045,0.6993966485280205,-0.47163513685696146,-0.29992218961134015,0
0.5532574268644168,1.0708977870396768,0.5951529450630999,0.8527628363566366,0.7095774606611557,0.008302703737961197,0.39458391544331856,1.825892141955402,-0.1959367425160332,-1.09244934125637,-2.526377054464586,1.9355754171680581,1.9808069518884448,-0.9908573443046943,1.2859641858151336,1.0325363811549142,0.6412235739152301,0.5031974544516681,-0.7446333658335047,0.129316822739129,0.34796791390472603,0.0697372602311,-0.05473064315049039,1.3003914153413407,1.0156858693670365,0.8742431909247984,0.9323859414302523,0.2293256790281506,1.165998045512373,-1.1981163714190877,0
0.06955761820965622,0.708049465114635,0.5434470804524509,0.37435287973380565,0.9270875913673298,1.4410420198573128,-1.0635414507797218,0.30035917540196305,-0.7223311873773145,1.0700391799773261,0.7239875406347743,-0.9703339547671769,-0.006677859958634183,-1.5011353254273616,0.9498600071207767,-0.5358265961834713,-1.1302096618760582,-0.3456133167349166,0.5838548391215569,0.2868999307310542,-0.4891068364547654,-0.10494434635493471,-0.2917668948943281,-0.9340802062011557,-1.8656644799151858,-0.006440645932467102,0.5850067738430279,-0.015941923483288573,2.0497468252635342,-0.5957846933665836,0
-0.04188531145553292,0.4860971608919006,0.44070113169593556,-0.25589343678101656,-0.054216655170253064,-0.08332575052779972,0.6832640144460939,-0.6949014131193125,-2.433742164720615,-0.343113648640033,1.6878473345796534,0.8012811910278205,-1.568630710079358,0.6750993442350066,0.20843216779087045,-0.37493358914257074,-1.0781203545001599,-0.8135904675869851,-0.5599350796053809,1.8352511522124433,0.6401050799633317,-0.7095863245644529,-0.5420018567430103,-0.03744852814154621,-0.43317669394977426,0.01567937538857723,-0.14573292734754767,0.09727115807780032,-1.9983164746590505,0.8002904330109037,0
-0.5601316151414153,0.9068490702116907,2.1960731224372223,-1.4526692117355333,0.09843034724252943,-0.42007746534949125,0.3948127839813999,-2.1073470037845925,-0.35823900996801616,-0.818622259430876,1.6270287136771202,1.8593024688037871,-0.2861210726730537,-1.1472561989455956,-0.8385938879351105,0.039053779799809216,-1.4013348233754268,0.519058575318886,-0.1962692309653718,0.3563260542847936,0.39439505840313716,1.3794161980206427,0.6350231375757405,0.2929585884438226,0.24924521385436554,-1.978267077769444,0.17966047365115084,0.6121415867928212,-0.1212210338444143,1.664823631274968,0
-1.48539772736992,-0.7398600683221173,-0.6352268201402808,0.009265951922240757,-0.6464829941334314,-1.2405489858177796,-0.35578362295434146,1.0147930821606967,0.7541862308955083,-0.6949160441883356,-0.3733471415785753,-0.777636636560817,-1.2614604822907876,0.42697694962067434,-1.2811153978834373,0.6628562555096024,1.8186426282424344,0.37568108117816124,0.6227626503332921,0.5942808155272423,-0.48866854308350866,0.36997968800912306,0.3123660990513514,-0.6258907653427845,-2.516315171245128,-1.0479180200633182,-0.9420839067322545,0.5010025795977932,-1.4789070015498549,1.8709139901175413,1
1.6292325383695037,1.05217983119426,-0.5100761396458918,-2.078559330026888,0.8321837326713788,-0.7478838524612648,0.7875436646804211,0.601228903009321,-0.4400490341688242,-1.2201588084564712,0.18718735190023306,-1.5696977727550836,0.2811281592881086,0.4701604686077275,-0.6595194323815078,-1.5031353149744238,1.6282678924876985,-0.5348061740562019,-0.20728127975625732,1.091427186499722,-0.568306592150242,-0.7615016222425575,2.0101282665249327,-0.732664213550053,1.2168128671978276,0.1530100480442676,0.13189912714930252,-0.506530097829635,-0.19957166559980238,1.7871382600353227,0
0.8552022122896221,-1.3627209254872983,-0.9914148231659063,0.38294793483872536,0.6387625246289272,0.7667022933281323,-0.07679550642944866,-0.8493899867601423,-0.80999148665805,-2.300586274611993,1.633551586590502,-2.629262982049504,-0.24144307081924027,-1.7715260306166478,-0.5844296233456575,0.5761970834699885,-2.286558407589576,0.35260205559925395,0.871488562297212,-0.4172467239909571,2.7393644624900175,-2.2449912624224626,-1.7129228659844933,-0.30315495909458934,-0.2828619687669213,0.11447117840092846,0.9282827959347041,-1.2559369820009776,-1.358159231471391,-0.6944943265991623,1
1.0309411768887888,0.8094714333518308,-0.06977543182087943,-0.5087441197577482,-0.15279034126196736,0.3620614822643934,0.0989753173114015,-1.408295482698998,-1.4781866948557756,-0.25868035159513486,0.7248917067288135,-1.060821325900951,0.40748208534282493,-1.7885585372096962,0.0710886675945087,-0.7816206155988752,-2.089897687036205,-0.546437526317859,-1.2633217995741866,-0.2765091057606291,0.4126383692447034,0.4567966330660357,-1.9770963255940848,0.575046406489612,0.4129314649653522,-0.42367301579798927,-1.26830725766291,-0.4081300175644435,1.611235784871129,0.5965331433304931,0
0.9725276866505331,-0.9889260402714225,-0.5325170176286094,-1.2969627968775705,-0.6653253587512,1.3582201128413594,-0.44917453337783664,-0.6891057719914262,0.2387304291787754,-0.5745060148262667,0.09273365769195939,-0.5687273169062704,0.19087851531186215,-0.380059678531999,-1.1179507223051215,1.0540879209931264,1.817965285999199,0.4975699639945274,-1.501778478641076,-0.22823764197661567,0.2448968953965514,-1.6852051962512262,-0.5361680589026252,-1.4046856181848888,-1.0297131681096048,0.3394622136244786,-0.04948347258092121,-1.0950173315163052,-0.06707683599433437,-0.3623943520620929,1
0.8828527943104334,-2.073828899170492,-0.7408668013767467,1.5174132927928536,-1.164037498974586,-1.0811204193982107,-0.5180117353753134,1.268761533531715,0.40220955233202815,-1.0624215901209197,-0.08445650131114688,-0.3516345726404361,0.4497968079923376,-0.0418987890557111,0.1964152535278211,-0.32160819480203773,1.322496463320534,-0.042805613042009756,-0.6263479877893965,1.0605926430240142,0.5905674366312587,-0.9096956884031402,-3.9400083779620676,0.5404219321253505,-0.43586773640338466,0.04245810404587387,1.1822232265263626,-0.9529637911054516,-1.1247388998451928,-1.3961146304503014,1
2.2034086739536005,1.1916942431678974,0.671625051180913,-1.926934414858201,-1.4237819357897725,0.7025951418121699,0.40158197059098133,-0.2717994735044914,-1.3520697975294258,1.0552377016927172,1.7919090268773676,0.4386187299199903,-0.7559952570156663,1.524192820649766,0.16856506325927414,1.6298907844608488,-0.3580015263567846,2.0620865706365463,-0.4484817041472713,-0.6613953679863254,0.8292225641135681,-0.07316647354630715,0.3874648001558911,-1.0184857437302222,-1.000644846249137,-0.381407927197155,0.3583721106734999,-0.7778867747826413,1.0691879465847143,-0.10730174661056921,1
1.7073054382463466,-1.0521104612876289,0.342354138408681,0.4592356220928278,0.2711458736310507,-0.04892258640097486,0.8471743200878938,-1.2357673009944747,0.2828744815946151,-0.9864174909967811,-0.5791693090292707,0.26843021666932654,0.9481574977429335,-1.3737616876653735,1.650809518595704,1.0023421417503648,0.043516906827322545,-1.0675150211907498,1.5288778062721895,0.46230178684434003,0.46146884406015054,-0.6777583426828008,0.19415954412132527,-0.6260825568944282,1.215299346104029,1.239918101852212,-0.15354319588706372,-0.5851468342393008,0.7913486140382586,0.6515851859312786,1
-1.1662799835511561,-0.2915570528322314,2.192890012644529,-0.008076665057620733,0.23509359148268347,0.5450050223466888,-0.5587233523879805,0.7663161758441877,0.3780813150083514,1.1252127263466236,-1.6852635337148962,0.35412842772317554,0.20998019283396607,-1.4170577437225125,-0.2664495736890148,0.39414225429085314,0.05009717980153352,-0.02475183118888314,-0.014364935815881545,-0.4654241533561548,2.0055107163900807,0.32831320952342885,0.30975973256223444,-1.32736579455306,-0.3155785737935683,-0.5289645695069346,-0.0308951738058996,-0.3215493608306093,-0.6173909351325939,-0.22843675348841644,1
-1.0829016851856665,0.5952001545224253,0.8050095439422658,0.4980675063873473,0.8557923412937813,0.7856217036114576,-1.2843279852333627,1.4926645829985414,0.8690960763616978,-1.9092738702262324,-0.7600378778294725,-1.2326329234489068,0.43399250755693947,-0.5340141652359995,0.02396910199346298,1.7345087571108757,1.444265584601003,-0.9577833438738598,0.45788563807179955,1.8271129821059968,-0.9147705013023343,0.9679441605248502,-0.16822447356846112,-0.9408333490346718,1.5141521240523719,-0.4284834840204315,-0.14952184533446,-0.3548966137355443,1.0534611834159153,0.9834215356987677,1
-0.7418856454654909,0.11594986644160941,0.36877929287174854,0.9754294224634155,-0.6076845331249223,1.3824755817948953,0.8144845529098163,-0.9496810422995422,0.4846445087357239,0.4892906375377006,-0.7090811762846501,0.42652046956974166,0.002410441090189496,-1.5313099767532614,-3.195941777151042,2.0491319098547915,-0.12408251315595017,0.10799160775452518,-1.0265106169518394,-0.5984070337912275,2.1682698210818323,2.4179457228739816,-1.8553502295117605,0.05749385404556517,1.8680819229034196,0.1979242063536517,0.6840997894272147,-0.1695380621512009,0.515308338469682,1.4455571107787026,1
0.5217037759119745,-1.21568515077806,-0.6306999798356167,0.7733730905893248,-0.0678404960570708,-0.5452463763364181,-1.0900276119957448,-0.9968187442114259,-0.715107838781802,0.4567494624453551,-0.5172284241158633,0.1779376481677657,0.15765301514439709,0.7689454255904448,-0.8219443873096934,1.6164229732762232,-1.7590232921893072,-0.3256170130577443,-0.4247369570421536,-0.7898141178223614,-2.2042756851754453,1.2134038349233784,0.8293702355543141,0.4987790866057417,-0.7262965392779784,-0.5056336249302468,-0.3362435115354435,-0.23967815927207414,0.7950950325487993,-0.4945325328035904,0
-0.8567259058305355,0.14662237149166793,0.042549607693311196,0.5035128059724684,1.3887553333124978,-0.40698833262124634,0.9321683027092473,0.14214352134268776,1.0243848300469927,1.2321306826884553,-0.7572906219805542,1.9794722081911842,0.18109792519376092,-1.1473043618024727,-1.138932651028888,1.4731337702647684,1.3143540743523763,1.0965234160225883,-0.5412143932783459,-0.37363676288651465,-1.57572883621677,-0.2918751904596078,0.17064009361027085,1.5001790988086239,-0.2754730077825558,-0.33371401902029746,0.2893838108419075,0.8505623417277394,1.5528012332053678,-0.6994220932528096,1
-0.17096503837447768,0.1369542113424274,-0.2662514767818887,-0.620491030705922,-0.2569705917182337,-1.2181959635341988,-0.6062456962642544,-1.233057226034971,0.012134655413088518,-0.3915656993687041,-0.545492259698224,0.015969004169396304,-2.4733813456025224,-0.31700628706816825,0.19461646237063931,0.9748032925763346,0.6091219835956542,1.2704885709325353,-1.4334234858584718,1.0464903331087427,0.2987939840680865,-0.5369912997949756,0.10809663133727446,3.125464238955031,0.14532681543849463,0.0803316770706123,0.8590626812575505,-0.2189661436595699,-0.7924923289526903,1.4040435916459602,1
-1.439347225239052,0.04317677754546932,-0.06479771860217717,-0.8330186776872465,-1.3178508862714844,-0.12748858687645215,0.3662189101824139,1.047532619111879,-0.7714231574557001,-0.7844538876761977,1.526128467615132,-0.4678548728857693,-0.33385542677274954,1.2188194090099587,-1.646093257760298,-1.2013118080879628,1.3919690034031649,-0.6015310080305136,-0.5339490619965599,-0.4497988558564292,-0.3202150552784838,-0.4592333848437465,0.14248319510920524,1.2527698219284091,-0.8035258913320991,-0.591115677202578,0.032050459977932336,1.5715407783672863,-0.29546982974550323,-0.8990327017280934,1
-2.0194206560090877,-0.7609607042344452,-0.8675730257520426,-1.1916115170058095,0.07033746263231747,-0.2629806321104806,1.4260368560251107,0.21542414503762294,1.0085547946683904,-0.1712210172063506,-0.8784420509497646,0.6188810136847798,-1.1288599542608535,1.157450556746853,-0.7478133408509701,0.7403536719936014,0.3762638605367745,-0.9710710813259116,1.2105429797950298,1.9204617359925764,-0.7493635009161286,-0.6545222347523043,0.0687070591939852,0.8676620123153413,1.2244604252643265,-0.3582352615898478,0.13785234190503168,-0.3518604437428057,-0.4129363412903069,-0.5316204191395926,0
-1.3635388905356496,0.8631688428820625,0.10196343993353404,1.5258418856981801,0.8243052640687953,-0.4001791297758593,-1.1412468838553793,1.867381819651035,-1.6985429382066526,-0.3418844569778245,-0.3262762171184528,-0.6470813157224227,-0.85134978970112,-1.221257534753307,-0.725573924809424,-0.05119718025340426,0.3056948471448431,-0.5249629165183031,-0.5301857058695453,-1.042409221958139,0.16754374449715756,0.04810749309354972,0.3795360581806217,-0.5412199807708841,-0.9107135929437206,-0.019549134835432275,0.5205675255095759,-0.8870883617594686,-0.627581087307066,-1.2246458743189632,0
-1.171783047158041,-0.5466956582202973,-0.8413155016197985,0.8004166772382392,0.02995946686794293,1.2651392527113465,1.275235639097032,0.01518762557571683,-2.0038195032162247,0.39838397899243505,1.1441771984121691,0.6324588600938791,0.34875096199717337,-0.24795061376314875,-1.17802198852513,0.6255657434333335,-0.19526401737384713,0.3121912755226314,-0.5870913932048732,1.9993701504219332,0.239042250232938,-0.37981600445970765,-1.1363398847416577,-1.398691191826619,0.620672512621804,-0.5822450773844006,-0.4499152639962569,-0.5428383781384807,-1.0920659852644168,-0.2901927900331009,1
0.05639080937118707,-1.0066056116914244,0.3319270692857295,-1.2235067058735236,-0.4409920690323913,0.36460742315578565,-0.0136606011991203,-1.641261988161303,-2.7862580816983673,0.5669737596192993,0.6902179555886176,0.437371567675834,-0.22724964922183954,-0.24802829573102037,-0.10664618478821243,0.5852176312201611,-0.13347218022140905,0.37397250750688477,1.3142622977843121,-0.9670512735487021,-0.18536288850000054,-0.8583893257903731,-0.39349398382860507,-0.10121325107775817,-0.8796346226717114,-1.6240659976518712,-1.306530499913352,0.44355314681264024,-0.6683266622052713,-0.21871438072957353,1
0.04946122957390005,0.9072495804286974,-0.28381673814649266,0.24642354393092608,-1.1320661472516347,-0.1608473878545022,-0.9776254601808324,-0.14120572100942388,0.1275679378469763,-0.2341677436530297,-0.423185989830442,0.26914173804411123,-0.4032201977579063,-0.41410167873318526,-1.0528731046509885,0.5058153563564471,-0.04228680704959789,-0.47961631866263843,-1.0386931508094497,2.3368724110579553,-3.0165783620070052,-0.7583130783542569,-0.4823394497582906,0.9205438230693054,-0.31455147378160614,0.18195361409704416,-0.44119227178293385,1.8436496332963623,0.39535027891088437,-0.650341381164052,1
0.7037282795758095,-0.24741059815722924,1.8266629984088614,1.3514748499440086,0.29438966845422826,-0.2367337955947695,-0.6349940958115996,0.882088092684365,1.4518758847607993,-0.2917167576833185,0.44920459510147276,0.5054436872342589,0.8900353259608699,-0.778528098832031,0.44395667176144926,2.2438999050336186,0.09592913216637017,0.4536381632178799,0.3787910963993026,0.5535216231148132,-1.1574460978848047,2.047655521459449,0.09998061853464782,0.5446259489316368,0.08808643623998869,0.9433451633601351,-0.5018459654307545,-1.3071686174484733,-0.1175018328505555,0.47930221550436636,1
-0.34661991461718766,-0.6714108036007006,0.3484501361268201,-0.9275669972127527,0.9793574549104076,-0.31230741723958116,0.4974280644487879,-1.1611450179927174,1.3534246344578544,0.4688675847902703,0.6136428958393071,-1.2906305693260176,-0.7495926558429662,0.19908234383712073,-1.0827436169898021,-0.6269628011838111,0.7550269627824123,-0.6058596696881748,0.3737889364348502,-0.8270580520610246,0.6008464774244927,-1.1208813559298483,0.5938868893186487,2.1634881998559825,-0.5349809596070662,-0.6612834521963241,1.1392527239380856,0.06478891926049835,-1.1696595506226912,0.3393182314426846,1
0.21655159128588908,-0.6326135387961495,-0.6711538341744236,0.8686411313555908,-0.988097647390361,-1.3706722979217036,-0.7750118849803149,0.8655313020787776,-0.26147784456837786,-0.5643250596339823,-0.06847533412621681,0.48748160845647653,1.5347171921174734,0.35093067368294445,1.9600188129197738,0.7313879544430847,-0.29761575660375317,0.8910523048682127,0.636970777315067,1.162121252222205,0.7369499594349959,0.11392957963185264,-0.48092922406421046,0.13486729284726842,-1.4820094372826544,-0.1629452533110671,-1.179639027609641,0.4581736012452669,0.8341970542253875,0.3155193845957474,1
-0.16259969298669247,-0.2852504985317177,1.2010051940409276,0.9865211335251413,-1.061307804860705,0.2552417766597596,0.3252016164998974,-0.2054639661284068,-1.3657102933214336,-2.054574088198593,0.17224662885478617,-1.6931462168201752,-0.523540704807828,0.68441250111468,0.4159120133589164,-0.5965865918028551,0.8954752743593637,0.5260423515304656,-0.4880456512724382,1.5211545880187267,0.4873755424779907,-0.7797339596668798,-2.0529725184353307,0.22389868741185476,-0.5049034753525615,0.02096656258030763,-0.2367038473185302,-2.1981534763766892,-0.2921468553829596,-1.1025372361635128,1
-0.5081604156653945,-0.5789910155863381,0.06389432033075443,0.2997744691241031,0.46135494052408177,-2.397871952604775,1.4212382828846912,-1.6319308044057044,-0.013451050651257852,-0.8285711527369288,0.29552698630119467,-1.8294816629921575,1.549238746771296,-0.3593082792117623,0.5005386170006068,-0.8006088257084152,1.6608913104877105,-1.3720829597647541,-2.630988327138636,1.3629108586959244,-1.1761819240708287,-0.0699046027898419,1.5583853178491973,-0.4052896671705759,0.2602923871700952,0.8149698998460003,0.030051385372772976,1.3011094529273342,0.7053943479640611,-0.8940247101574565,0
0.7317613916934698,-0.03436211362425382,-0.029565351130673902,0.3324181023301406,0.9205463594194095,-0.9626773380447831,1.3054639856493575,1.2439113417673757,-0.6323740947204416,1.758632216123128,-0.17340397948664585,0.5672798088220775,-0.4616629991172652,0.8194968163004634,-0.44495450002390197,0.1597373627529191,-2.618731478244604,-0.4718315903629301,-0.5652152294706511,-1.8913801954856178,0.7684351704311135,-0.3856199677375859,-1.8180188419423258,0.6016376231984798,1.0894941913488378,-0.1344639620113832,-1.5096998052314585,-1.883902340048153,-1.2245554483317458,-0.8297325663280853,1
1.7097303852179853,-0.20412437430177077,-1.2726026105050583,-0.6149548155658574,1.0706423118053603,0.5551726726495967,0.04669091421680143,-0.16861371479969645,0.003686491045040731,0.1558418247615253,-0.19422760885667772,0.10216435804690036,-0.30065101831121377,-0.8556724675127694,-0.26351748753031573,0.33014994044724033,-0.7275560638389685,0.42098687879970337,0.829682430955676,0.3411751123278209,-0.5616516533494222,0.09601292276443958,0.1534774690897447,0.19929041341770573,1.4900129872547836,-1.1580610575612345,0.20682984642453497,-0.40013580233119533,-1.2456621358196551,-1.257929859896488,1
0.8773635915817115,-1.4041508392844742,0.2987181104046959,0.13147393086209308,-0.8580812406710323,0.8360776295755507,-1.1815414734806031,-0.5490770842637515,-1.0912553555555393,0.7648606190182095,1.183544948868203,0.24858617093248228,2.5392613211526482,0.44573370960254055,0.6321957192211572,1.0065216236396373,-0.672335848058306,0.4083327636051221,-0.9669504513491509,-1.3181002009620988,1.0922120197443317,-0.8499753938407563,0.18340016370969764,1.6315442209293574,-1.8110342266238488,0.6511765486857634,-0.021883795309893494,-0.07036719133797267,0.05958537563594651,0.017501623951422268,0
0.5232927715179522,-1.0513226264184465,0.5021545491534194,-1.1275750156694082,2.103899302681767,-0.10499833815090333,0.17942507932415014,1.7707961048083318,-0.7746069658838158,-0.01124626179883209,-1.4100474342032778,-0.9701335966531414,-1.423973058814736,0.7982063724023305,0.5694963236478008,-0.4371231935166405,-0.5066978291893122,0.9706655677776187,-0.005047534740570251,-0.8672620671012312,1.0731671434585928,-0.14144418046108023,0.677284167934009,0.07179602643916606,2.077732488768506,-0.2068428042711189,-2.008474498196272,-0.22783955602454295,0.2663957559270085,0.4597531384019133,1
0.8087548952079169,-0.5808565032130765,1.5639161523047782,0.9648344638199834,0.1309392122738573,-0.6939893008294664,1.9279762920395982,0.7292113248755934,-0.49225169083857034,1.402092761351719,0.22029633977049,1.5092669549543491,-0.8430846481208731,-0.20043947586385802,1.381980475494301,-0.6688450792158158,-0.25345765201325615,-2.737713434434117,0.41220670812288585,1.1541778239755809,-0.9212962029956547,0.447571259244922,-0.5410222250309489,-1.5091558770491456,-0.3253310495390761,-0.5746476233832065,0.12739129735298743,-0.3058444450667013,1.3373179183193826,-0.5576903148085756,0
-0.12939359541837872,0.23953878925798452,-0.05097791028298952,-0.535513474393737,0.05134462150314542,0.5246757869885942,0.8986891343830314,-2.117883678022078,0.5066092551499736,-0.6744903047450553,1.1579818536820459,0.9323532249965879,0.9255952462855956,-0.5836828622255036,-1.3929122032138923,1.2710987434517664,1.1689208998264975,-2.003628988902131,1.3751263170562762,0.3548762582154712,0.1319506955632014,-0.8224285900805374,1.0143434352302358,-0.45997801204823346,-0.46463149336387854,-2.136141147437321,-0.7439925966637791,-0.9919532810077111,-2.0768956589833865,1.558867881748115,0
-0.12477304022082364,-1.4256950069750403,-0.9638079468749589,-0.5808169715865039,-0.5962943713772351,0.8006017312486243,-0.2692643175063729,0.09860784466059318,-0.2647393625727881,1.1628845588017787,1.3776436189938333,-0.1337988642892903,-0.9462278719349503,-0.10953200478692393,-3.1100016415557827,0.3135746353476724,-1.3589514151300046,-0.2210128333321263,0.47161688578067285,-0.5702925565190782,-0.4384440519982491,0.25798590469000293,-0.5581187428609513,0.9243761589284032,0.7729105523949634,0.5673609925627826,-0.6303005578509188,0.5734709021457539,-0.7429493993195205,-0.0872629523964541,0
-2.635798771938009,1.1571941474221092,1.7268652743337267,0.22480474676708637,-1.5816120686976411,-0.2176743358420198,0.07106410511751476,0.016025357975076718,2.541004126581881,-0.24455149136522641,-0.5773450750161434,0.16298101747430413,-0.1427568581537658,-0.7494532613342663,-1.7617489949418572,0.7323601730604237,-0.8642114449496342,-1.0064482230923808,-0.8110519580325313,-1.461914032922481,0.6560294722017748,0.5224622942133508,0.18996029179147508,0.7097698093632593,0.43163816073560196,0.5877851519587594,1.824448122556367,0.9817679550847632,0.17572639903962828,-0.9337027110332097,0
-1.5959230066352903,-1.7594481735264818,0.9463379852547168,-0.5579090430004523,0.07926126854494954,-0.9530321836754576,2.205509913678965,-1.7958723993776355,0.1386419270836221,-0.3586020469621492,0.018341858624121677,-0.32061554017117827,-0.8914086306448529,-1.11809128533176,2.048439896159592,-0.2978742145777294,0.3422215676821267,-1.5939728951166827,-2.116972917130176,-0.6766445467763761,0.8730746179058609,0.028318306823607146,-0.5399271002900214,0.42981396035122155,-0.5503334658768981,1.376617622043691,1.417555746800112,-0.5772573191689885,-0.7767107184210394,-0.07325041498748064,1
0.4266740402550002,-0.2737991929535356,1.045984861216442,0.26552631280562444,1.0882778476727475,-1.122224878065822,-0.5926230041094588,0.5331622157694331,0.052916622351578554,-0.18765254766092204,-0.5191193073675838,0.08673485957583543,1.4282462259344053,-2.0091153373815804,-0.15197269758775198,-0.10845327337941753,-1.0874391479278862,-0.15599281444980329,-1.6394299069494254,-0.5841794780016866,-0.2684822082749163,-0.005194043454995986,1.8751666427409641,-0.8161655513119151,-1.3245620271475373,0.9921225135536029,-4.462968527080103,-0.6190503728914202,-0.32567078078208817,-0.9412042714648519,0
-0.09489072052634676,-0.6485155111204262,-1.7414546197171346,0.6180984670412463,0.6568235828852973,-0.9874449606008137,-0.5411986789190826,1.856052086752268,0.4484622532126355,0.00020002945883395944,1.6174554195045383,-1.6216516476924725,-2.032909011883636,0.16690650927033812,0.8401005197187192,-1.7106989787799436,-1.2996001934039754,0.7930652446836138,-1.1522800039069265,-0.2561826130454564,0.20989088405265707,0.9548592939499477,-0.30643681872503936,0.4923984319559887,-1.239528625021431,0.5888719685366405,-0.9087585663908424,-1.3806514731717408,2.065194214683835,1.8299940285748117,0
0.14812868234443427,1.5471233658786876,-0.32575320596593704,-0.13601938832869884,-0.17653586369926302,-0.9133895996361547,-2.3441200598626533,-0.30929576517301566,1.3024074967694688,0.2758201088334168,0.8145301965804266,0.3930984216043959,-0.8465606283527675,0.24822585906005237,-0.33232316107652504,-1.062544435041798,0.9195620745523125,-1.3052834166939682,-0.6590146072688803,2.216977989947382,0.7014985629129628,0.24505899629891725,-2.1734635111555316,-0.11791086308824986,-1.164540487641736,-0.07797080979579402,-0.19035339929315326,-0.8566485094775328,1.1724511866139957,0.9548697433354777,1
-1.125963486628084,1.5740716235462358,-1.1496324425151374,1.6642371770195714,-0.21089369292844823,-0.400488676227856,1.4890212733408739,-0.16416280717713225,1.0976009572228411,-1.3011203131677866,0.028491003899102318,0.4745398324830738,1.1963999460323178,0.7124614026591292,0.04492848735291043,0.4736318980223026,-0.7277432467913373,0.604066992591666,0.4776731466422839,-0.7776038125281786,0.12301164142076543,0.7711845567551776,2.4438457823534567,1.1855131849548162,0.22500750878204648,0.28461849015123836,-0.14529815517462638,0.11139148566912813,0.776306279095932,0.751551672683385,0
-0.08520928378502625,-1.099345149468707,-0.21403377438177823,-0.8357874617930738,-1.2155824269313706,0.6084588547973832,0.34547705214108515,-0.9188684667309114,-0.3245529810917734,0.3067673384123174,0.2575788841735197,0.4392972516698954,-0.7622131000706661,0.35803670398002146,-0.04765592210374888,0.7718790108527614,1.0748400387397274,3.0292296674174337,1.3096371638870288,0.126023702825838,-0.03779004008590721,-0.9359447607815338,-0.9111594754799129,0.2715529083083364,0.3025553407118359,2.6763525041227796,-0.7277060120685908,-0.8316514785132993,0.25008976933385796,-0.5037868786760972,1
0.38925089644888483,-0.47371629073757204,-0.28539005587115635,0.42955686401538223,-0.5669345915432251,-0.3605165715026839,0.5286298612271111,0.04655036505710869,-0.6397439271588046,-0.48194657687359727,1.0424099815029568,0.3103207449078312,-0.3614982119900187,0.8658752075322502,0.436183285815988,1.354863766834237,0.885804621554868,1.1664741083673043,-0.3402012267855784,-0.8888908307998835,0.7718390806078217,0.7813209257650188,-0.10469052575557684,-1.043436506214844,0.3069546271792218,0.3884443635298213,-1.357740079407646,0.37427353030167887,1.1506423791816984,-1.3138545284937562,1
0.5291727219523062,1.3103470524775722,1.3728539056472078,-1.874400802153299,1.08763709721575,-0.3135503069203085,-0.4296263529697004,2.5123549109094405,0.21990038073543156,-0.38282041128378536,0.7992214479324603,1.6856521517551786,0.17331116590794035,-0.5336718019136123,0.09123742910844791,1.0908576005532797,-0.310899302792567,1.091814130768172,-0.14040755939184585,-1.8546157039531386,1.5199133189818252,0.33529577911956043,1.0539809488200542,0.302305515270123,0.037191211723895265,0.7368920660185044,-0.15396899898162933,1.8133754722511597,-0.03043915528193729,1.8187342224182155,1
0.6046476881572161,-2.3811606357381643,-0.9898993974562454,0.8496620038364482,-0.918492847157025,-1.3563730857367406,1.28410705561564,-1.588219679349594,0.7779647956893625,-0.3632924385933965,0.7023062049539263,0.2665900733001438,-2.073193069709717,-0.31494202547003164,-0.24417146800477274,0.4090729749981515,0.31851868461621746,-0.24516334321138383,-1.13412442409575,0.4811116655898495,0.8711589384792877,0.33082768779193444,-0.21946128226572617,-0.3704391737415042,-0.9177324903880387,0.248403869617795,0.1917059324810147,0.8362093364422593,-0.6229176371118333,0.11920448040090091,1
-1.316099512483275,-0.33945900122642314,-0.561757183021551,1.0576359796224497,1.7063604293901957,-1.1763519390539336,0.9076744913416644,0.6805586859180084,-0.5490080364614718,-0.7517588134268572,-0.7644308770652826,-0.3773866933540522,-0.358788694458643,-0.1528414739049378,-0.5099495478868993,0.8059611694827405,0.5087873974414823,-0.1732326370934618,-0.5394394889444905,-0.5661366360953708,0.4387514494099397,0.056175011204082755,0.19874783275718533,0.8583956937334466,-0.05431939113415968,1.3701751007242289,-2.002402303738922,-1.3151284234126919,1.8100865085826285,-0.39774482891456653,1
0.2962592693767618,1.253121814586538,0.34324935363233267,0.9130120876321838,0.615620166946295,0.9829201672985657,0.4930213874480294,0.7311288900810935,-0.5799335474162769,0.5230810792321302,-0.04046154925145769,-0.08705445047348173,-1.679178770365294,-0.42161479205317637,-0.13438044863007775,1.555662729511833,-0.27931822454850075,0.28287320495122076,1.3753386378124368,-1.2376693953951532,-0.3829935909349088,0.8796401129071565,2.4693018438607703,-1.9850582328424515,-0.11729866914496367,0.6282077256806899,0.8410633536700737,2.2461121641447837,-0.645152264676678,-0.23500221199802881,0
-1.6280884512205114,0.12811842041091612,0.5111496797378628,2.0920403866610626,1.7039658827774369,1.5162114691035358,-0.6953051927435318,0.4263230701564241,0.3891640873160538,0.4671092724233791,-0.042582884847186434,1.1309241079752552,-0.3559083943013406,0.32942889732847896,1.4532132768625967,2.1535765306608567,-0.8287097111579178,0.5506186955936503,0.45435755540165584,1.2198828442125043,1.633591040456795,-0.33346732371849075,-0.07556162209384215,0.0732261294127041,0.47869476412312884,0.8268727720426028,-0.37530742256860844,1.8570018342862389,-1.8292248873942034,-1.1942192035136792,0
0.6076667828500031,-0.16425076569693164,-0.5660270538502858,0.9594996111137165,0.812581825907311,1.24918997244772,-1.0356158866717604,0.8126119722910392,0.8021286428387242,-1.0074736428371538,0.03932436963244533,0.968824321558198,1.342178189548955,-0.14681781958224097,-1.0987759504595693,1.532226725263812,0.039778205082805836,-1.8889945551109912,-0.2396038496927555,1.1328171987977669,-1.2193143340312333,0.11721900835182648,-0.3272739764903569,-0.03747448827652227,-0.4362443525962037,0.5031603020745684,-0.22261396004921594,0.6568634831511726,-0.3676050126212625,1.1185799151512832,0
0.01295134769129896,-1.2073370055560608,-0.8560593969290372,-1.157912421029581,-1.1010102702547,-1.3132132518038098,-1.0860186195658188,-0.005475082432470008,0.7384646577996934,-1.3526195507300152,-0.8045912115348266,0.8030564806316337,-0.15794032531148858,-1.7110335792155604,0.0377742772473726,0.3620321908366375,0.31429360370975795,2.2459609192626138,-0.7531791279528703,1.1001144459656125,-0.02440234781610954,0.4683279002415011,-0.65145746030484,-0.6728875802792028,-1.250859893628525,-1.468004579067687,0.6711601479843918,-0.5363829448499969,2.545085743049498,-0.47359744472080756,1
0.6727252722897201,0.05514378490684471,-1.82529479380314,-1.345980561183078,-1.5105110950871696,1.4689226023223945,1.2985149505223843,1.927706006868182,-2.2204244872411665,-1.3693481703410817,0.6047923365176168,-0.7675536362933207,0.694251638876813,-0.4453770673700016,-0.547740936175903,-1.8159343585382064,-0.5767493858689379,0.37066952015116816,-0.9879638829745945,0.06869422641313985,-1.0467687064817388,-0.7744402049071738,-0.7049927703804725,0.464636571952249,0.8582488374422566,1.8381294104113701,0.7792559373520692,0.3637940579160109,1.7748973980280933,0.2745286739612448,0
0.6143605216956293,0.9564331256964489,0.17369870891673284,-0.06810558345452511,-0.16651475760246368,-0.5728006338280153,-0.49610151117694695,1.0620295709762062,-1.0967925014737554,0.13781089653473746,-0.023728192105893674,-1.4251484514407173,0.8381835057860323,-1.336319424094125,-0.7452478913168205,-0.08559248513888622,1.4899666064428563,0.5207817300108298,0.31090134135027064,1.3516615377431103,-0.26425621499650354,1.9982241617644683,0.5035780937563775,0.13354401113159417,-1.7967085709285844,0.9759727174570091,0.5374618962256197,-0.22253084049380412,-0.5049883110254401,2.0134478195236154,1
-0.7968883954105782,0.3488485785286472,0.03465823658465094,0.688408547992704,-1.9223699220283281,0.6725633485772803,1.5998379694925648,-1.9022142912755764,-0.9483757069625447,0.565296610969459,-0.1338441244223632,0.6796739298710968,0.7443536341085006,0.2251664656755135,1.762814177918256,0.7524924314257102,-1.3256825758234212,0.7007666235923683,-0.032625300549556216,0.5475561415423145,1.168111873491554,1.615438687595662,0.08426456674307269,0.8383883165103369,-1.0802058910928605,-0.46362322909290804,-0.5626746627738912,1.0341043631208349,1.7272479031265966,3.1892543108006155,0
0.8612841771664943,1.1241950526097149,-1.730446145948975,-1.7880039184189254,-0.8688048735257996,-1.254299355327484,0.5117350972727601,1.735972861944916,0.011953906240613816,-0.6557170563103499,0.3053471467897637,-0.7191427242465348,-0.5431005795225412,-0.19499827319131768,0.3880060488436035,-1.6667060978506143,-2.029617935570548,-0.8595282250421689,0.522338042850152,-1.2651558858178853,1.8342862904411292,0.8520599161846022,0.6692929745958088,0.8552103370473727,0.4265218812118431,0.5069554628998847,1.2419906583654174,1.00003809201966,0.30042670608075767,1.9235167119581187,1
0.07746073398977643,-0.4550033342715436,-1.4831947592960926,-0.7224142955972163,1.2023295224409334,-0.03411194952379149,0.4793477291397992,0.0808117936700637,-1.2028383394860898,-0.2880174620567992,-0.8340644314535355,-0.4350489492620843,-0.8876485296201755,0.48198422746218744,0.8124453820918067,0.03501975274020369,-1.9895858808368505,-1.352685298791428,0.6459167922610922,-0.7555582622254504,-0.7545120079211404,0.06894886241862345,-0.7869960448384224,-2.1214630356968756,-0.9243843303185224,-0.40370866036979147,-0.5548166853761971,0.7011207494153433,0.08870643981792883,0.017902422141878777,0
1.1568784389098508,-1.560033439340522,1.5646673260414372,1.651439162128294,-0.11563042844496663,-0.39280557635248803,1.342734407344533,-0.26384677275089474,0.3533572722889089,0.278190956668495,0.4891505902000082,-1.0999150237398059,0.439759490105343,-0.8821342802937682,-0.5989012424152833,0.928527496621703,-0.5033769084118735,-0.6379420452949882,0.20379796466779274,1.3465547470571209,2.4049140003424294,1.1423892258689297,1.1291621772849443,-0.02389592904339705,2.5595202591742074,0.19862375467303758,-0.03563556890436269,0.3826771355073464,0.2644387427405643,-1.3137962327559598,0
-0.6971507306667789,0.3805749455908467,-0.7893708262568004,0.6476449324811144,0.03606239408238223,0.9367408423621191,-0.12374063543948888,0.48170311217537165,-1.8117507108530522,-1.6093961574703524,-0.8033106051896267,0.3109140204624376,-0.7812073872456841,0.7279986384413586,0.38673573530291583,-0.4587687528330542,0.22385849788249204,-0.4440315346102581,0.31510502985415695,-0.5104150964720355,0.3964902086017506,1.360618099285715,-1.2358536521595043,-0.6943208368323525,-0.6529123794732502,0.31114015167837566,0.8376577822698836,-1.739548900168088,-0.18346585947195473,0.028239185023390827,1
0.8819155199079564,-0.8958294625703527,0.7298010616109605,0.2930011312157428,1.7740817720749684,2.193927030135326,0.7958314208982658,-0.26043444874008215,0.4906739465070141,0.5814926256900952,0.5267177292643513,0.42036956712898055,0.5341351898337554,1.0496486683750204,2.198003348193733,-1.8093471095453482,1.2997368761882342,0.14158164271348805,-0.7898490433770448,-1.35079658762549,0.30551142749354976,0.03601983707640139,-1.078714258561483,-0.030684749912625073,1.036817289918835,1.5515031047292933,0.12741169014617418,0.12443611139080225,0.6228940532230783,1.165078432161788,0
0.1834909565756225,0.35026644476544266,-0.39924105030389373,-0.15770945930729666,-0.6359419239611582,-1.034644259518468,-1.2049363700157254,-0.8621170244916241,-0.9309536624784231,0.2987379839389052,0.44796503517377034,-0.42059214166757264,-0.8390936461661944,2.1518002617542202,-0.4410325640341013,-0.5932622542407776,-1.573004424338135,0.5170128228048971,1.8191420649942545,-0.1866681644823718,-0.3469522602940228,0.2766881961082367,0.30752062330076957,-2.4956120744550443,0.6475363302897107,1.8750783917667324,0.055905998493161066,-0.10866684156385581,0.7946649918972574,0.6759288399660348,0
0.17305131805182852,0.7730323621487744,0.8204989346265616,-1.1731730199808332,-1.1486395249446373,-1.2914149831282942,-1.513573679155089,0.810503319575089,0.812885791501514,0.44776036366829947,1.661928444481636,-0.308341108995047,-0.6899865211021514,0.12263842810599547,1.1421032894061742,-0.5908320853935918,1.9420299214449854,-0.07170991516626174,0.5129771800699967,0.16258883211897454,-0.39698758614647345,0.9102898932053137,-3.4750373836427197,-0.3386118972577125,0.7952224142398229,-1.451788843335748,-0.7008684846739407,-0.4931416119883992,-0.330059231649417,-0.6023542757662657,0
-1.018619084224814,-0.07097810484899102,0.8055703969747312,0.38248973385574364,1.0267994929602795,-0.2005796487193949,1.2591830727526685,-1.2757108472091498,1.3112362358834015,1.0921943351008898,-1.577628659639347,0.46813405324284707,-0.1262524310248079,-0.10621177471656829,0.06602526821521121,-0.6192905271819091,0.9387952668617765,0.004088654508368772,-1.1246488740533578,-0.03764160380882778,-0.47420729446420257,0.6158959878866375,-1.315248024707062,2.002756740012216,0.12052774950764299,-1.2362479510072002,-0.20190837440729412,-0.4826078141534402,-0.7950352699719891,0.42505259423534636,1
2.230457330183336,1.8693846609051177,0.20129735899813786,-0.780618208347212,0.27990110561092935,0.7380821749437535,0.2036255548380455,0.7450842973268421,0.4438889388510075,0.28468546908479636,-1.2162117499024678,-0.1303418858730233,1.910832911726174,0.4897057750254257,1.168363351149276,2.0113262890132932,-1.1792390331541744,2.5990756555795116,0.9731097664841865,1.162078485886105,-0.6701230739679144,0.7242038531992246,-0.8012471555303138,0.14962179924770172,0.33683648175295333,-0.2388107288172023,1.1505951122355773,-0.5198712780908707,-2.012168123900381,-0.24376674259286404,0
1.2535284084547522,2.4558990321581793,1.3157041691091726,1.0668705663075615,-0.37866099965469263,2.3034495118620453,0.6843024729072262,0.7233211609693679,0.628219205809238,-1.1582575051392676,0.38388828828963173,-1.4546724055255438,0.8269802413010005,0.33619964289275106,-0.632002498993268,1.1262242052849303,-0.35839843901676316,-0.3342601293919802,0.5339705096955083,-0.015837770855842065,0.23340362434140402,1.0323372243915443,-0.7383635192844811,-0.8230659938814814,-0.23277575872482492,-0.06293867880173797,0.6421078615098746,1.941768645384054,-0.042799746777203294,0.03620691808692764,0
-0.6515150130698777,-0.7728799587517803,0.6772921517409448,0.03903896792215973,1.247038355468084,1.138174663210131,0.869447727841933,-1.4609625052661763,0.6833052280575233,-0.9347558821201905,-1.8839167966082417,0.2209495296670507,1.3579644836765121,0.7117305627080777,-0.8817486867329578,2.796475068698039,0.8166746250609502,-0.8417464162825885,-2.045647171496589,-0.2045666743726542,-1.9639763356706068,-1.0297738800504392,-1.6990033460868776,-0.7536354405189579,-0.533551623022771,-0.8737177289252099,2.3002083850639514,-0.1867066570578923,1.3281282846441638,0.569256461647271,1
-0.2070339476820783,-0.4781304777910494,1.3510060456814557,-1.0361547728560458,-0.6268516094409847,-0.6417714578767905,0.07474514265992899,-0.9087459463146639,0.9367343233673716,1.0747168622592582,-0.7177915638029946,0.5274300065997691,-0.8400990318523024,0.17880241988531817,1.1700904883070695,0.10327507441761476,-0.10506154443574227,2.2876638508248806,0.36028871572241195,-0.8431123193786221,-0.9208709300489281,2.279312945231136,-0.7406169935735547,-0.7013895519460127,0.0267875779274286,0.7318602782277556,-1.240560275203915,-0.27851219270137273,-1.3413843217024446,-0.15285565177037744,1
0.8215319107652636,-0.25111968373648796,1.9693569256134755,-0.8467337442596065,0.217776865973592,1.3074316126169334,1.0089025234984652,2.6426161978598572,0.3237785159567269,-0.8948524932761831,0.083849351994958,-0.8381418199052975,0.12054063981152792,1.2335080647552918,0.6966513758569941,-0.10440459172098186,-0.6869184941200298,0.32511036613248223,0.5297678188877909,-1.2539904680521807,-1.019102866682603,-0.2896239264966957,-1.3315251582737826,-1.810909528376807,-1.0306264002514836,0.3825989455689316,0.10190959939118281,-0.4448361301830195,-0.936195539577435,0.36879371345104195,1
0.31641432219673854,1.2428795668796053,-2.5113077628056906,-1.7459998972892907,0.9381312038700007,0.4735056801352582,0.9341501493500446,-0.8921428188018313,-0.3891462212562026,-1.2776422113761536,-2.3351728857696057,0.13955963087169385,1.4156654965842268,-0.16757730987384337,-0.7163259736708746,-1.1196059110797205,1.1138530283275656,0.0810858490986729,0.12126280351140291,-1.443928993420525,-0.9168244494056629,0.7348444324967981,-0.5262825778658011,-0.6515243147758902,2.509546627412051,0.06955467701459818,-0.1723224292416882,-0.13577955826722157,-0.6780384301706774,-0.07251401953628235,1
1.9401064104455312,0.4130778277547952,-1.5953725269087242,-0.43730395963644225,0.10425666857476885,-1.5063208068607694,-0.46786037012516074,-0.9610247725207253,-0.39618058576421183,0.07002242964295248,0.6986801180839235,-1.1538596525172462,-0.08566694144584704,-0.3272962567154485,-0.2202168117999507,-0.8193766496892935,-0.04745916497817936,0.4936850953269602,-1.3918297520776204,1.7284033313967087,0.9416275323552312,-1.5745914453356553,1.4468409401530802,1.5145651845554473,-0.5028060214343417,0.2056715420259062,0.09048137737198472,-1.3774961451049754,1.026972550817026,-1.8808633156015417,1
0.289388682367491,1.5679987029070679,-1.6887479744286935,-0.29309949144935254,1.1398451492507808,0.4023056245406686,0.8334945460816181,-0.6872990108295554,-0.9407158534842271,-0.19969073571246693,0.265337205838578,0.5998665629157149,0.4446054082729743,0.9787388019933161,0.11581729929281329,-1.047575686669654,-1.3550756331177758,0.7583335144759906,1.0058500376897994,1.9713460484457181,2.423541252560454,0.9723824576420426,0.36658329525540834,-0.4204688729639436,-0.8737605143418485,0.06683367856744779,-0.10493340909456833,1.9051937036090156,0.5860152881436352,-0.22982879976736179,0
-0.8817159498387016,0.534163266017024,0.13800591302134085,-0.45149623462297256,-0.6864921310516883,0.5491337051852151,-0.4071779497233713,-0.3234039307452514,-0.4846135867934729,2.834394323215735,0.15783729996584617,-0.8232061587231757,-2.572877520932332,-1.6406029664904462,-0.292905463472128,1.695040233271549,2.286863009441154,-0.23827147999076825,0.36418009660562334,-0.16539040751439837,0.4553077595988935,-0.24045572681202768,-0.5572176222654761,-0.6567133547302083,0.7100443772454738,1.302774346501827,-0.44930506707914947,0.727400037844597,0.15667031653728547,-0.38248656072319215,1
0.6781969754066521,1.3479675000879288,-0.8241094830529709,-0.3226310662787956,1.4667262743917662,-0.04257079207492314,-0.7946671055034176,0.16987636057077604,0.00864354897805226,1.0556016673651207,-0.043657110192462524,-0.010149421947073411,-0.05186935596303064,0.16753238009585938,1.5165848488756641,0.7248405560110548,-1.0424424606578941,0.2815718883112077,0.3457546229171068,0.37661173177538193,-1.4798280491466578,0.14627891833982623,-0.5679084623583232,-1.4973355705463263,1.209257536133658,-0.2822560080983716,-0.26731534199334633,0.8821098911181718,1.0240757820000768,-0.2488070795323334,1
0.029308036041311807,-1.0101139479174888,-0.9423908371752044,1.297807676638567,0.04546117869371592,0.9699892237326164,-0.16525558080528732,0.420129911870408,-1.7437453185339955,0.8607069957624981,-0.02899475603401397,-0.4699646892256628,0.6285612614489804,0.9937314870157771,-0.4057909525717896,-1.1960903242488807,1.6655650555478312,-0.21564375440679948,-1.9190279367784868,-0.42193805477548996,0.4496109258491747,-0.08185154052974887,-0.1290426793915794,-0.35188880615414,-0.420994006076793,-1.2779344242013115,-1.297622585779122,0.3639816985944349,1.230444971375122,-0.27586863852187876,1
1.3858112383201093,1.0988247021992716,-0.131878941000613,0.6379090590670052,0.48934683484425606,-0.5049844492979079,-2.157755946908989,0.13875981503161125,0.701489006956879,-0.5535156724330613,2.0071151884570035,1.0324609091220178,-1.4725945498772721,-0.1946029446430878,-0.8398308574229384,-0.3673716893385447,0.6542135871104259,-0.2517473096472355,-0.5703238788587689,0.09408642702439358,0.7597805461774689,0.7498158661231576,0.6153351838005282,1.3702009409170128,-0.09048574354593028,-0.36120965074872335,-0.15544949449650478,-0.8093995812313772,-0.8327265683770045,0.7388080138638646,0
0.8306045820151273,-2.645881901907401,0.94023695093498,-0.4112887052753852,-0.6323565696889504,-0.3269587329587323,-1.2621458448409373,-0.16804305774472877,1.9149089488220326,-1.5476904471688202,0.618340465913957,0.9746071716111325,0.58195826301808,1.533730386827312,0.9816022589668245,0.6709479872948899,1.038050084902988,0.9918831624494145,-0.34901983023264316,0.6311698207372758,-0.272932286881549,-1.3340876890488846,1.8367088377554763,-0.5534103691636862,1.0954697370402309,0.5347349230406402,-0.895904568106498,-0.7758449650357745,0.39733788641400886,0.39944972561774683,1
-0.3761775243330044,-1.5818821625335484,0.8032026154705618,-2.9250565676300773,0.3481370280638253,1.1328330655946486,-1.849242999523171,0.1599748624107351,-0.38378938775948895,0.19496916272315837,0.9778885196512082,-1.346421247113436,-0.22330772422868098,-0.16448064586683023,-1.9487370573882699,0.5736009715919451,1.6285894941746952,0.6705865554741312,0.12985143747754174,0.885928042577396,-0.5949702033070835,-0.881485607958213,0.5136410623235612,0.2289391471822649,0.3138915190925646,-0.8588705241030049,-1.5049895404795426,-1.0391402159972971,-0.8527845416149377,-2.041155404322598,0
0.47517860539505313,-1.2893434783217348,-1.3446117206525636,-0.2619216821601385,-0.9060774404963952,-1.5778134091766873,-1.467275760623897,0.5355453187445581,-0.3364232655174345,-1.5136146820784377,1.4559405838009956,-0.7112856325655348,0.529846715696401,-0.10808219529467304,0.09790692719143013,0.020728938340476916,-1.3788118775114182,2.244075157470362,-0.7605432344042861,0.8253989967989744,-0.7907276436127528,-1.1054956157877498,1.369255162308353,1.556733812353736,0.45367697893755565,0.8070738003678514,-1.2541217615133402,0.6594316667821624,0.6490066015426108,0.43853641806451044,0
1.6466193994033236,-2.2802926040878257,-0.17920016881079934,1.4821127655500332,-1.1123824402792406,0.649520237846124,-0.48583371200693926,0.08844180872795983,-1.057373403109019,2.262910003582014,-1.147159777466599,-0.13017871732054975,-0.25941065916042044,1.0743299831910245,0.06971245283911474,-1.5766581892274614,-0.643360659490635,-2.1621938263840796,0.07281064305827559,1.7810279988861042,-0.199257715281094,0.34001452677033284,1.1021921918358806,-0.6907337667027096,1.0997397147015384,1.9123877351711025,-1.774623983352067,1.136969866860189,-1.4826097228700468,-0.7747627260768646,0
1.1314159017756884,0.3221636067521599,-0.4588035108387724,2.2336791053536147,-0.329816444651189,1.0963721599562957,-0.30551184315146385,0.4578215820687709,0.4920083420224305,0.08033754914761364,-1.4185994411893834,0.27706233840061656,-0.5795169051700316,-0.45786101703936627,0.593384455068292,0.5245088908174258,-0.7558245608670767,0.21751408859983887,0.020347316027256944,-0.8618061214212475,-0.8001954165072951,-0.7842468314702034,-0.011000546448378924,-0.3041860611166307,0.2093023032137965,-0.879649646972819,-0.17312821974640416,-0.09769018563749508,0.3263078350124565,1.4697847537066473,1
1.074294421971474,-0.07444481203884638,-1.594786750213042,-0.5129948970539745,0.9209792000172057,-0.05520424487857593,-1.2576315693956217,-0.20555527955157576,-0.4707740054106898,1.260808313458059,-0.5824436635159718,0.41423965533662704,0.6882688213950414,-1.2386075553962266,-0.7446659698889097,-0.4269453455978077,0.13774329243446554,-0.5948611342946191,-1.3756146390579846,-1.0072128256502775,0.9400897966474328,2.0720984256950947,0.30538213842698947,1.0787150753629593,0.35395331831480614,0.6984055890205059,0.7407027005542522,0.67779386089151,0.35542344061890313,0.1425030427535527,1
-0.40573455841773653,0.5255420839998146,0.310385856363796,-0.9072556656399141,1.18861406496657,0.99159175057235,0.1932882796942964,1.1778407191081317,0.7274277682997229,-0.4401272611546125,-1.815136061217716,-1.8489791782162441,1.262334031558667,-0.028278296614496694,-0.37037479744512114,-0.6595507470573404,0.06363363411195837,0.9146787837123841,-0.81232250173936,0.09465235438110513,2.658056393212411,1.814987245362414,-2.2318554512821827,-1.814687863856933,1.8059289762014736,0.8959529715218997,0.05142800387183348,0.5284663693447134,-0.3163927504208836,-0.6658226275774969,0
0.7303694701910404,-0.09692364737451666,0.8645321215890804,-0.5486856034296475,0.7128585511577473,0.3119956749690512,-1.3346248892235693,1.4743026859853652,-1.4078070018313131,1.3309755528790868,0.4549201445459651,0.6406629225232591,-0.4929428435387019,-0.3689262440159826,0.0038431226292162607,-1.2888962001972204,0.5752224516747139,-0.35843913966007607,-2.1198746258202728,1.8873609034959762,0.2651186720866511,0.32553406661832446,-0.6910162858533987,0.3323340332052696,0.7357434134712362,-1.4539726753476518,0.6036098137105682,-1.0593354024042678,-1.2864096536390865,-0.8804942096495343,1
2.100602209607987,0.7833643169082537,-0.017662647158188115,1.7023413609657274,-0.922592522855933,-1.026704683146438,-0.9164420670678874,1.877970563329078,0.8686278515327758,-0.8157561562215265,-0.691708143919448,0.2831536401402178,-1.133622948158554,-0.17809138100525326,-0.9931964189633827,-0.0690422348599685,0.815564502713355,1.7429361923976852,-1.5652948698716873,0.5999634730355895,0.6778044073849637,-0.23169013612359057,-0.5925916351950601,-0.5937400115480841,-1.8530131352546038,0.7789486208639258,-0.7643410569841849,-1.6687289734430681,0.3228394002458615,0.3134725901241344,0
0.8469728077177645,1.817485666052421,0.04023487425637415,-0.29933887747490834,-0.39071082004224533,-0.2943071751813588,-0.737765987057956,-0.43391865605866764,-0.7214015810017983,-1.0388087955832408,1.7367121991624814,1.3855989650465326,-1.8628823048128245,0.3178543356217987,-0.06495181118487153,0.1449279461430479,-1.4509806222158836,-1.8473859027948376,-0.05514057712435308,-0.3697534351382216,-0.5494066776946418,-0.2068799593970694,0.5997148384742407,0.881347228796452,-0.9811190507334693,-0.8874919311138545,0.15000245265234358,1.2229440270723058,-0.2138047310401251,0.14488967653586177,1
-1.363531357680246,-2.1955517212727074,2.3132692257723755,0.2771848558156043,-1.0181560669530074,-2.142554270438366,1.4457751822697786,-0.9441730845761612,-0.9453009401419973,-0.7167406042593344,0.13731453709773284,0.6386544922595946,-0.29970603257262507,-1.048519878858377,2.297665632097418,-0.4915280551283473,0.010712816886111216,-1.500783489209443,0.57920832029397,1.091589306464376,-0.8601426880448348,-1.840337099796065,-0.38178240692145987,1.8961449784720708,-0.6406177151620762,2.532766589944483,-0.5606985046479473,-1.8246880436430224,-0.5099856336519532,-1.8709403819275048,1
-0.7191805980163593,0.38216287458144876,-0.46490154845927956,1.101105336174698,-0.5360215166175792,-1.4917026174273906,0.14779521186578176,-0.1483762509986835,-0.023603255718314915,-1.2734157201350336,0.26777623720866184,1.3888784233451483,-1.3141102374383293,-1.9103252317384174,-1.5441743855242944,-0.02870429053242072,-1.6076837012991827,0.326471563830257,0.3566184750299071,0.36739752565213285,2.589022369789041,-1.8656340607097586,-1.707340551194603,1.2785756758338402,0.5326209493173246,1.147706484767214,-2.041139088154845,-1.3598331059740967,0.9787088461437262,-0.1671150269585177,1
