n_samples: 610
n_features: 30
class_balance: {0: 0.5131147540983606, 1: 0.48688524590163934}
feature_means: {'X1': 0.052058118074280145, 'X2': -0.06664537269998828, 'X3': 0.0378702938611867, 'X4': -0.06532850684062406, 'X5': 0.007700378881151458, 'X6': 0.01907361009587781, 'X7': -0.04815707430088163, 'X8': -0.1063311756479958, 'X9': 0.07645062385985721, 'X10': -0.13975847731816596, 'X11': -0.006483089298213462, 'X12': 0.003808707447694037, 'X13': 0.08468054592377547, 'X14': 0.037109108018132476, 'X15': -0.03592124235332945, 'X16': 0.08642403356581382, 'X17': 0.06640111350069577, 'X18': 0.06988132538534024, 'X19': 0.01582527188626085, 'X20': 0.12116400132972883, 'X21': 0.015205731411846819, 'X22': -0.0655083287064165, 'X23': -0.024989005496484227, 'X24': 0.03638262814544721, 'X25': 0.004862369445217934, 'X26': -0.035701714474276204, 'X27': 0.03520954168616674, 'X28': 0.06407659307755247, 'X29': 0.02384324335036544, 'X30': -0.01252734570813067}
feature_stds: {'X1': 1.6073877506467555, 'X2': 1.540635255011694, 'X3': 1.5548152087779967, 'X4': 1.6347445905956053, 'X5': 1.493365377290074, 'X6': 1.584149707013688, 'X7': 1.5114113031437553, 'X8': 1.57220578091609, 'X9': 1.547342223830893, 'X10': 1.5821203194906954, 'X11': 1.5244198254274293, 'X12': 1.5700144316892182, 'X13': 1.5062160545531311, 'X14': 1.4656220584614084, 'X15': 1.5536442834071449, 'X16': 1.5259658175701367, 'X17': 1.5490777112718845, 'X18': 1.5245349867597888, 'X19': 1.5094340841452036, 'X20': 1.6076721784257315, 'X21': 1.7081146249397159, 'X22': 1.5681931681369263, 'X23': 1.5359785648560282, 'X24': 1.54939784589553, 'X25': 1.5816658047755272, 'X26': 1.5166579228726853, 'X27': 1.5765518312330913, 'X28': 1.5332349419993943, 'X29': 1.5958580098764985, 'X30': 1.5533293308273979}
