n_samples: 461
n_features: 50
class_balance: {1: 0.5119305856832972, 0: 0.4880694143167028}
feature_means: {'X1': 0.04725906667583762, 'X2': -0.05320997865650561, 'X3': 0.03861823484545028, 'X4': -0.08688755501858433, 'X5': 0.052208362660476106, 'X6': 0.04604987218979027, 'X7': -0.01295005292562422, 'X8': 0.0913471163401952, 'X9': -0.0448056930232713, 'X10': -0.06126427294311612, 'X11': 0.11334646785589647, 'X12': -0.02818485133613978, 'X13': 0.02117744221499257, 'X14': -0.08481959659444774, 'X15': -0.0458892705055966, 'X16': -0.06218048446455426, 'X17': 0.17246113907671648, 'X18': -0.18272143586371217, 'X19': -0.017400246511873076, 'X20': 0.08299529284087916, 'X21': -0.05814757240408037, 'X22': 0.08869868185210565, 'X23': -0.041184178889618284, 'X24': 0.09000946799981849, 'X25': -0.038673853363605196, 'X26': -0.011301725475653914, 'X27': -0.022854224907280066, 'X28': -0.07319464634558778, 'X29': -0.005214153327592985, 'X30': -0.07592802686718353, 'X31': 0.023417888144911737, 'X32': 0.1721819402982888, 'X33': -0.06631672972030282, 'X34': -0.04750900082413024, 'X35': -0.12600718969192357, 'X36': -0.14721466113663287, 'X37': -0.02141635609546072, 'X38': 0.07968872924967428, 'X39': -0.024663821173854766, 'X40': -0.07333392689496065, 'X41': -0.13944620710135058, 'X42': -0.11000007448589152, 'X43': 0.12108356573875548, 'X44': -0.15187840080683015, 'X45': 0.040812523045210554, 'X46': -0.09376389979684757, 'X47': 0.07832026078968278, 'X48': -0.05905146789251689, 'X49': -0.08458222829578638, 'X50': 0.05346743507335733}
feature_stds: {'X1': 1.4405109801004343, 'X2': 1.4651042833621564, 'X3': 1.5421340962901469, 'X4': 1.543767616858692, 'X5': 1.4515369950567625, 'X6': 1.5306343485659428, 'X7': 1.537796775484409, 'X8': 1.5429834353500997, 'X9': 1.4882417432006032, 'X10': 1.414280604536243, 'X11': 1.538903527020473, 'X12': 1.522480856606288, 'X13': 1.510534292404516, 'X14': 1.53147248912741, 'X15': 1.572731557137163, 'X16': 1.6121552294972517, 'X17': 1.4555196950123157, 'X18': 1.4972466700736666, 'X19': 1.5794295955965185, 'X20': 1.4901901925625127, 'X21': 1.4889619897643536, 'X22': 1.4719914294070102, 'X23': 1.5746213024597973, 'X24': 1.5486965090196896, 'X25': 1.5744566985755792, 'X26': 1.654032636371426, 'X27': 1.5167901863012945, 'X28': 1.5159566109353142, 'X29': 1.5836272770050626, 'X30': 1.5295194906091951, 'X31': 1.6125249860385114, 'X32': 1.5973048509866166, 'X33': 1.6108261975612066, 'X34': 1.5588464491260972, 'X35': 1.5940808715316128, 'X36': 1.5263554555822823, 'X37': 1.5423232692678188, 'X38': 1.5786214344066778, 'X39': 1.5297158141098919, 'X40': 1.554311198619533, 'X41': 1.5866960041963467, 'X42': 1.553355843225024, 'X43': 1.552513697445321, 'X44': 1.6098205653878264, 'X45': 1.5079283702874766, 'X46': 1.5413590164203985, 'X47': 1.5819488204727072, 'X48': 1.6201740226058166, 'X49': 1.6119139969914678, 'X50': 1.5752248745365618}
