n_samples: 725
n_features: 25
class_balance: {0: 0.5020689655172413, 1: 0.4979310344827586}
feature_means: {'X1': 0.05478752966953817, 'X2': 0.06162759734953651, 'X3': 0.011797571400717239, 'X4': 0.09767506681970593, 'X5': -0.07377266506908585, 'X6': -0.009527943663581001, 'X7': -0.06288383837436022, 'X8': -0.040810718848330485, 'X9': 0.024174839553455413, 'X10': -0.08388768813213018, 'X11': -0.09128520107107287, 'X12': 0.030460495419034735, 'X13': -0.029783563807990306, 'X14': -0.003588670377410527, 'X15': 0.026023765453693865, 'X16': -0.021962746771372433, 'X17': 0.012505338823384317, 'X18': -0.07530824419867793, 'X19': 0.03612894184963061, 'X20': -0.028344321665160762, 'X21': -0.022385171149659672, 'X22': 0.09030575067406912, 'X23': 0.07175566254634207, 'X24': -0.010417355177370326, 'X25': -0.06621111964860764}
feature_stds: {'X1': 1.5739289374656582, 'X2': 1.4923534261602416, 'X3': 1.5782587094690677, 'X4': 1.4950151979173567, 'X5': 1.4521815341773348, 'X6': 1.5595724078803972, 'X7': 1.4917114263177682, 'X8': 1.5573961944212855, 'X9': 1.566846170889572, 'X10': 1.4273947681251271, 'X11': 1.5116490797550943, 'X12': 1.58334638132645, 'X13': 1.5707603721921837, 'X14': 1.497785880846538, 'X15': 1.5585699157031665, 'X16': 1.514209637489848, 'X17': 1.6040233588982533, 'X18': 1.5782142794405623, 'X19': 1.508640518792903, 'X20': 1.565377761312698, 'X21': 1.5986012381043422, 'X22': 1.5405281323617352, 'X23': 1.4926354512721653, 'X24': 1.4921521211508684, 'X25': 1.5497635622028374}
