n_samples: 1000
n_features: 15
class_balance: {1: 0.5, 0: 0.5}
feature_means: {'X1': 0.015794993149389674, 'X2': 0.03131508418501755, 'X3': -0.02855479767147861, 'X4': 0.013175325790457914, 'X5': 0.006590943466763948, 'X6': -0.030017594111498715, 'X7': 0.04387247067688684, 'X8': 0.01075323071839154, 'X9': -0.010878286771650397, 'X10': 0.04430072453769934, 'X11': -0.01524851777435385, 'X12': 0.017352439893499903, 'X13': 0.0809588089369215, 'X14': -0.029219539517655244, 'X15': -0.02487537734270237}
feature_stds: {'X1': 1.4854603709197651, 'X2': 1.453061433421729, 'X3': 1.4457308275980842, 'X4': 1.488066098052055, 'X5': 1.5251217704849658, 'X6': 1.5377982970881283, 'X7': 1.563145061090473, 'X8': 1.5850979045606053, 'X9': 1.4707854585007034, 'X10': 1.497883198819122, 'X11': 1.4825359973974424, 'X12': 1.4840133306212382, 'X13': 1.5036510084844186, 'X14': 1.4624531218654848, 'X15': 1.4730594589504755}
