n_samples: 806
n_features: 30
class_balance: {1: 0.5049627791563276, 0: 0.49503722084367247}
feature_means: {'X1': -0.009663193915801293, 'X2': 0.07455523404891944, 'X3': 0.03396884313819679, 'X4': 0.001152397286717262, 'X5': 0.01882843655685241, 'X6': -0.006088342409694503, 'X7': -0.01911791790520779, 'X8': 0.060093536358273546, 'X9': -0.021997441912194608, 'X10': -0.06980584180613617, 'X11': 9.915215841775023e-05, 'X12': -0.008635237853674855, 'X13': 0.020382665377565955, 'X14': 0.0087527067738788, 'X15': 0.03239294137019748, 'X16': -0.15249253475912997, 'X17': -0.012524029758974316, 'X18': 0.01392286050783389, 'X19': -0.007663354321131879, 'X20': -0.10736012843510546, 'X21': -0.018842198771206468, 'X22': 0.051886978842581775, 'X23': -0.04990960389805246, 'X24': 0.038798399181027815, 'X25': 0.12730113903475887, 'X26': -0.06462048703052235, 'X27': 0.003924627266047288, 'X28': 0.05464074685871668, 'X29': 0.036822559504859416, 'X30': 0.1123574948615238}
feature_stds: {'X1': 1.5440116988442303, 'X2': 1.4801232145476362, 'X3': 1.5585193189244033, 'X4': 1.461481786732452, 'X5': 1.4813796948632956, 'X6': 1.5094448156590217, 'X7': 1.562253375543383, 'X8': 1.4581083490943356, 'X9': 1.5412370577876857, 'X10': 1.544254610001351, 'X11': 1.540210776405311, 'X12': 1.5586969356330294, 'X13': 1.601733036694486, 'X14': 1.4753040391559915, 'X15': 1.5326798174180682, 'X16': 1.5745088029765226, 'X17': 1.5135011949316812, 'X18': 1.4951804527605048, 'X19': 1.5182039974130235, 'X20': 1.4627172066517078, 'X21': 1.5446483716975385, 'X22': 1.4565412159438609, 'X23': 1.4627243101575542, 'X24': 1.554056131139524, 'X25': 1.5705037554320307, 'X26': 1.5663283684631915, 'X27': 1.5764294216617172, 'X28': 1.495945413693916, 'X29': 1.5866063187615218, 'X30': 1.468168380706599}
