n_samples: 472
n_features: 25
class_balance: {0: 0.510593220338983, 1: 0.4894067796610169}
feature_means: {'X1': 0.11272669618264682, 'X2': -0.04313071048991078, 'X3': -0.013198842007012396, 'X4': 0.02094279782064922, 'X5': 0.11718082957597302, 'X6': -0.042535951217672834, 'X7': 0.003310776379935284, 'X8': 0.00027534459309578186, 'X9': -0.08999971129242078, 'X10': -0.13828239509155288, 'X11': 0.15559832752714128, 'X12': 0.01312532565795808, 'X13': -0.020315580177049868, 'X14': -0.12152933355456928, 'X15': 0.0026365570753185182, 'X16': -0.056062385657430554, 'X17': 0.051773375506995026, 'X18': -0.10313505671379174, 'X19': 0.0026897904615236683, 'X20': 0.0005147796485808491, 'X21': -0.017983273653971964, 'X22': -0.05566911478140576, 'X23': 0.003475357546088492, 'X24': -0.10488030503187586, 'X25': 0.00850079998277713}
feature_stds: {'X1': 1.6419500209655065, 'X2': 1.6569814988900051, 'X3': 1.524546305667324, 'X4': 1.5490753037156233, 'X5': 1.5736958720604601, 'X6': 1.5746479566004439, 'X7': 1.529800904908649, 'X8': 1.5178146782100534, 'X9': 1.6332139271991726, 'X10': 1.660060304444429, 'X11': 1.5701104643088193, 'X12': 1.5133795719888954, 'X13': 1.6021600016552686, 'X14': 1.4992428946231895, 'X15': 1.5808984419017311, 'X16': 1.6541115028707307, 'X17': 1.6807957368745425, 'X18': 1.6177035419003578, 'X19': 1.6562526013635535, 'X20': 1.5435769473292957, 'X21': 1.6522557643950315, 'X22': 1.5966675751192345, 'X23': 1.5757991430195026, 'X24': 1.5827648344003642, 'X25': 1.4555999695352781}
