n_samples: 1000
n_features: 15
class_balance: {1: 0.5, 0: 0.5}
feature_means: {'X1': -0.1208564925385374, 'X2': 0.02572277290871452, 'X3': -0.07504491415260996, 'X4': 0.03884518039725483, 'X5': -0.0250655870279138, 'X6': -0.03668993259610693, 'X7': 0.014688389626268365, 'X8': -0.028072788675447217, 'X9': 0.002942953386149542, 'X10': 0.03186446566531563, 'X11': 0.05179557701004221, 'X12': -0.041138562644422665, 'X13': 0.059839097809016195, 'X14': 0.012917673577089946, 'X15': 0.09437226988688212}
feature_stds: {'X1': 1.5377579065826288, 'X2': 1.5007535250338484, 'X3': 1.4769097178981072, 'X4': 1.4820099731744563, 'X5': 1.4444348062981383, 'X6': 1.5185263362189494, 'X7': 1.4952923016713622, 'X8': 1.4996768024329805, 'X9': 1.521036178009243, 'X10': 1.5041613713289808, 'X11': 1.5334781716951669, 'X12': 1.4683918890683603, 'X13': 1.4438574650074807, 'X14': 1.5059153539574597, 'X15': 1.4817847519155984}
