n_samples: 1000
n_features: 15
class_balance: {0: 0.5, 1: 0.5}
feature_means: {'X1': -0.028498529175593534, 'X2': -0.012441486062502883, 'X3': -0.002455017031850174, 'X4': -9.621628100456791e-05, 'X5': 0.008583760055706621, 'X6': 0.007782778979259151, 'X7': 0.020924907000433018, 'X8': -0.03941326179136484, 'X9': -0.10725542998236044, 'X10': 0.04104373739053452, 'X11': 0.06118015239742924, 'X12': 0.07548262921117967, 'X13': -0.039794340563641624, 'X14': 0.022657690128546928, 'X15': 0.03940638724856166}
feature_stds: {'X1': 1.5548026797211847, 'X2': 1.5309501444921496, 'X3': 1.4579023856875797, 'X4': 1.483254888422647, 'X5': 1.4820088371355518, 'X6': 1.5365865903283351, 'X7': 1.4843985730160583, 'X8': 1.5405097295832058, 'X9': 1.4492053154931273, 'X10': 1.4513571996993633, 'X11': 1.4914607540844538, 'X12': 1.5345441448486767, 'X13': 1.5325983445570974, 'X14': 1.5188901424269228, 'X15': 1.489013667054917}
