n_samples: 1000
n_features: 15
class_balance: {0: 0.5, 1: 0.5}
feature_means: {'X1': -0.0036480820327658343, 'X2': 0.056570537698392834, 'X3': -0.009564957004924365, 'X4': -0.02305781101980412, 'X5': -0.02619782041635416, 'X6': -0.04239362573789121, 'X7': 0.027713041839456914, 'X8': 0.05853490823191035, 'X9': 0.01958080087296223, 'X10': 0.05023861235825382, 'X11': -0.025313731016117533, 'X12': 0.002086653063381509, 'X13': -0.02004736883025526, 'X14': -0.030316041183236726, 'X15': -0.04379265858393458}
feature_stds: {'X1': 1.5316680878088478, 'X2': 1.49654831942948, 'X3': 1.4927589240510248, 'X4': 1.4912812404663405, 'X5': 1.5074702560600113, 'X6': 1.5254773920076354, 'X7': 1.4365254347260334, 'X8': 1.5337486285690773, 'X9': 1.4996395703896523, 'X10': 1.4463998648441339, 'X11': 1.4795583397829997, 'X12': 1.5137079940861538, 'X13': 1.4732103668400691, 'X14': 1.4546295577792134, 'X15': 1.5052656728993021}
