n_samples: 1000
n_features: 15
class_balance: {0: 0.5, 1: 0.5}
feature_means: {'X1': 0.044953476697470025, 'X2': 0.028583871162751195, 'X3': -0.050251067333759065, 'X4': 0.01683494588308691, 'X5': -0.010834187057718244, 'X6': -0.002263520378584416, 'X7': 0.08646314269023168, 'X8': -0.05080601209442849, 'X9': 0.07720005068246309, 'X10': 0.018216124481088312, 'X11': 0.002618767995797542, 'X12': -0.011573588484778886, 'X13': -0.0004619168103254005, 'X14': -0.09368555337532974, 'X15': -0.07200954733138358}
feature_stds: {'X1': 1.5273218556365291, 'X2': 1.5470620140960936, 'X3': 1.5391010740491662, 'X4': 1.4953585115503594, 'X5': 1.5111127481187197, 'X6': 1.4925220041183902, 'X7': 1.471256274400693, 'X8': 1.4589787775625653, 'X9': 1.4539227665855492, 'X10': 1.475697918674544, 'X11': 1.5314789475456758, 'X12': 1.5041223199761111, 'X13': 1.5360449418291215, 'X14': 1.517171855919682, 'X15': 1.4402229064494645}
