n_samples: 819
n_features: 20
class_balance: {0: 0.5006105006105006, 1: 0.4993894993894994}
feature_means: {'X1': 0.024982438892982708, 'X2': 0.018090727426223724, 'X3': -0.09702798043868034, 'X4': 0.02815762861927152, 'X5': 0.05941123108079504, 'X6': -0.01589330650879831, 'X7': -0.03404751978878754, 'X8': -0.03335455228728447, 'X9': 0.026643058268536232, 'X10': 0.065791485072396, 'X11': 0.013396379315597111, 'X12': 0.03704242573537255, 'X13': 0.007010897737108492, 'X14': -0.08709046167676009, 'X15': -0.027361044843669396, 'X16': -0.027090547938458654, 'X17': 0.08506443216676211, 'X18': 0.01749323831409863, 'X19': 0.008782099008316483, 'X20': 0.02829096470227666}
feature_stds: {'X1': 1.555849031154764, 'X2': 1.4624771005550155, 'X3': 1.5371028992669384, 'X4': 1.5250302828002387, 'X5': 1.5399514741617182, 'X6': 1.5724487802807459, 'X7': 1.5203276896233215, 'X8': 1.52573071996822, 'X9': 1.5398615492338323, 'X10': 1.479723672558288, 'X11': 1.5710058440367864, 'X12': 1.5668941284062987, 'X13': 1.5164998563246186, 'X14': 1.4785399245747124, 'X15': 1.5235342215009495, 'X16': 1.539286201529838, 'X17': 1.5927313385908097, 'X18': 1.5609435170844295, 'X19': 1.5516110521097084, 'X20': 1.4396378879784963}
