n_samples: 1000
n_features: 20
class_balance: {0: 0.5, 1: 0.5}
feature_means: {'X1': 0.007882787128283828, 'X2': 0.03167573072473586, 'X3': 0.0021842884077234457, 'X4': 0.007526453368448935, 'X5': 0.05047275725221712, 'X6': -0.06446325359562252, 'X7': 0.034724499576112025, 'X8': 0.00685981410632113, 'X9': 0.0013321093890652843, 'X10': -0.02857799455016133, 'X11': -0.050360989302239714, 'X12': 0.03654958635451535, 'X13': 0.07527466355919206, 'X14': -0.04006772854352402, 'X15': -0.07276253756897694, 'X16': -0.03410345228250054, 'X17': 0.027905571207650255, 'X18': -0.04797728525169585, 'X19': 0.06209985419912394, 'X20': -0.003882827809786631}
feature_stds: {'X1': 1.498785217003159, 'X2': 1.4858673070177326, 'X3': 1.4922867540879292, 'X4': 1.5140757090086283, 'X5': 1.5011800072787918, 'X6': 1.550767107719514, 'X7': 1.484483616120498, 'X8': 1.4850927345213163, 'X9': 1.4743063520266138, 'X10': 1.5411243359240963, 'X11': 1.5110241628044208, 'X12': 1.532466046799466, 'X13': 1.5247646111184476, 'X14': 1.4550237115613744, 'X15': 1.4803942045261655, 'X16': 1.5494572000852744, 'X17': 1.4566120389123156, 'X18': 1.4265886268649108, 'X19': 1.5016945180628833, 'X20': 1.5127234519845438}
