n_samples: 1000
n_features: 20
class_balance: {0: 0.5, 1: 0.5}
feature_means: {'X1': -0.0519307775703153, 'X2': 0.017393820396404996, 'X3': -0.04615635687794266, 'X4': 0.0005437633385374063, 'X5': 0.08799149766681692, 'X6': 0.008534828831997765, 'X7': -0.04482354354292579, 'X8': 0.02644996592362497, 'X9': -0.0453861419576013, 'X10': -0.10005017635521803, 'X11': -0.028497895198248416, 'X12': 0.058055612643820226, 'X13': 0.04129058368743192, 'X14': 0.006951599000305663, 'X15': 0.06741967592110117, 'X16': -0.023905727266068356, 'X17': 0.042522707797823474, 'X18': -0.004441346391304824, 'X19': 0.0001176885070039374, 'X20': -0.012045649440457565}
feature_stds: {'X1': 1.4644004890524314, 'X2': 1.4584247213076185, 'X3': 1.5649263004775564, 'X4': 1.392505442507031, 'X5': 1.5413480158273642, 'X6': 1.4974983211892525, 'X7': 1.5196207144525276, 'X8': 1.5227732569336614, 'X9': 1.479969085368879, 'X10': 1.4640361617016238, 'X11': 1.5500462732290907, 'X12': 1.4795503989453835, 'X13': 1.4939076720031004, 'X14': 1.4887764493333968, 'X15': 1.4605704111062308, 'X16': 1.5758985016644982, 'X17': 1.5524226060726851, 'X18': 1.467287397599641, 'X19': 1.5026003817904823, 'X20': 1.4969543002872348}
