n_samples: 1000
n_features: 15
class_balance: {0: 0.5, 1: 0.5}
feature_means: {'X1': -0.027465823742279093, 'X2': 0.1291564579406643, 'X3': 0.03201028415468692, 'X4': -0.015407806489695497, 'X5': -0.01020321282692624, 'X6': 0.042820723433228056, 'X7': 0.07748162558830539, 'X8': -0.1225047986675379, 'X9': 0.0031254926531050836, 'X10': 0.050232101060383984, 'X11': -0.040354875409822154, 'X12': -0.07420225362199755, 'X13': 0.011416142363563551, 'X14': -0.06571985533229971, 'X15': 0.030742390938303808}
feature_stds: {'X1': 1.4716948547727227, 'X2': 1.4888815756069989, 'X3': 1.5911302965841045, 'X4': 1.520776107218138, 'X5': 1.461474745846412, 'X6': 1.5199592051327522, 'X7': 1.5424585707760259, 'X8': 1.4338675221904051, 'X9': 1.4517537191122107, 'X10': 1.4195692495684906, 'X11': 1.499289156541785, 'X12': 1.4799101442798988, 'X13': 1.4947413081029945, 'X14': 1.4706089950170191, 'X15': 1.44407004071205}
