n_samples: 1000
n_features: 15
class_balance: {1: 0.5, 0: 0.5}
feature_means: {'X1': -0.058705186518055064, 'X2': 0.04016832725073751, 'X3': 0.04891678274497247, 'X4': -0.015789114346252773, 'X5': 0.020025328454516027, 'X6': 0.05674756579267495, 'X7': 0.0060792897231077255, 'X8': 0.07699238558303902, 'X9': 0.019544253444101708, 'X10': 0.08329396656539019, 'X11': -0.06094249627578782, 'X12': 0.04568219737264232, 'X13': -0.073511756105673, 'X14': 0.009882950654599444, 'X15': 0.024549411428819955}
feature_stds: {'X1': 1.4861706351101447, 'X2': 1.5461425569141343, 'X3': 1.5496253783578915, 'X4': 1.4951015218362846, 'X5': 1.5131037157719123, 'X6': 1.5204886960204003, 'X7': 1.488314453236078, 'X8': 1.4364076590916657, 'X9': 1.5247431647282652, 'X10': 1.4501018371773444, 'X11': 1.5199029076701276, 'X12': 1.468646424191465, 'X13': 1.439264043881151, 'X14': 1.5159414734403818, 'X15': 1.4952447142051646}
