n_samples: 1000
n_features: 15
class_balance: {1: 0.5, 0: 0.5}
feature_means: {'X1': 0.01069888027484008, 'X2': -0.03210255364216178, 'X3': 0.04954181747144926, 'X4': 0.05248662333567492, 'X5': 0.031146044918341855, 'X6': 0.0872244587529734, 'X7': 0.04473893042331454, 'X8': -0.02022657323410609, 'X9': 0.05325976083604981, 'X10': 0.061240103446764324, 'X11': 0.03407870947934166, 'X12': -0.07649775491554753, 'X13': -0.08512172349658119, 'X14': 0.0069243748180047235, 'X15': -0.01476375291504564}
feature_stds: {'X1': 1.5071048553005815, 'X2': 1.5278226547858993, 'X3': 1.483992074031354, 'X4': 1.4984732615949994, 'X5': 1.4601584264352965, 'X6': 1.4835537762705993, 'X7': 1.4695283708798135, 'X8': 1.4920013414736257, 'X9': 1.5474462503989086, 'X10': 1.5355424718208566, 'X11': 1.6119501617994911, 'X12': 1.5205768082278361, 'X13': 1.5266788722662703, 'X14': 1.466685821857426, 'X15': 1.574090638380473}
